Date;CC;CD;CHos;CCuEI;CCtotalEI;CC1;CD1;CHos1;CCuEI1;CCtotalEI1;
19-Jan-2020;0.0;0.0;0.0;0.0;0.0;0.0;0.0;0.0;0.0;0.0;
19-Jan-2020;8.024880539893408E-5;2.398175245934215E-7;6.30294138287941E-5;2.0658383312372517;2.0659185800426503;8.024880539893408E-5;2.398175245934215E-7;6.30294138287941E-5;2.0658383312372517;2.0659185800426503;
19-Jan-2020;3.1867673117134666E-4;1.4189454093882553E-6;2.5029665509354707E-4;2.1368160615180147;2.1371347382491863;3.1867673117134666E-4;1.4189454093882553E-6;2.5029665509354707E-4;2.1368160615180147;2.1371347382491863;
19-Jan-2020;7.109261163466851E-4;4.428787974147173E-6;5.583791081519056E-4;2.2131155837532313;2.2138265098695777;7.109261163466851E-4;4.428787974147173E-6;5.583791081519056E-4;2.2131155837532313;2.2138265098695777;
19-Jan-2020;0.0012531899639364723;1.0107400897465996E-5;9.842866625911501E-4;2.2949298866489842;2.2961830766129205;0.0012531899639364723;1.0107400897465996E-5;9.842866625911501E-4;2.2949298866489842;2.2961830766129205;
19-Jan-2020;0.0019421966659031301;1.924445059424339E-5;0.0015254497158376217;2.3824630902886854;2.3844052869545886;0.0019421966659031301;1.924445059424339E-5;0.0015254497158376217;2.3824630902886854;2.3844052869545886;
20-Jan-2020;0.002775196067563551;3.258592466875919E-5;0.0021797082277916196;2.4759310019055336;2.4787061979730973;0.002775196067563551;3.258592466875919E-5;0.0021797082277916196;2.4759310019055336;2.4787061979730973;
20-Jan-2020;0.003749946845296015;5.0838609446395954E-5;0.0029453018069635095;2.575561693366506;2.5793116402118024;0.003749946845296015;5.0838609446395954E-5;0.0029453018069635095;2.575561693366506;2.5793116402118024;
20-Jan-2020;0.004864705173563995;7.467434991423333E-5;0.0038208608092714807;2.681596101927696;2.68646080710126;0.004864705173563995;7.467434991423333E-5;0.0038208608092714807;2.681596101927696;2.68646080710126;
20-Jan-2020;0.006118214659427892;1.0473410676271922E-4;0.004805398432355948;2.7942886558632827;2.8004068705227105;0.006118214659427892;1.0473410676271922E-4;0.004805398432355948;2.7942886558632827;2.8004068705227105;
20-Jan-2020;0.00750969752488647;1.4163182461631043E-4;0.005898303789970529;2.913907926617016;2.9214176241419025;0.00750969752488647;1.4163182461631043E-4;0.005898303789970529;2.913907926617016;2.9214176241419025;
20-Jan-2020;0.009038847019574584;1.8595812496935465E-4;0.007099335952725549;3.0407373091757224;3.049776156195297;0.009038847019574584;1.8595812496935465E-4;0.007099335952725549;3.0407373091757224;3.049776156195297;
21-Jan-2020;0.010705821048543895;2.3828383680357006E-4;0.008408618943188041;3.175075732419339;3.1857815534678826;0.010705821048543895;2.3828383680357006E-4;0.008408618943188041;3.175075732419339;3.1857815534678826;
21-Jan-2020;0.012511237002070115;2.9916337735432365E-4;0.009826637675083363;3.317238401261224;3.3297496382632934;0.012511237002070115;2.9916337735432365E-4;0.009826637675083363;3.317238401261224;3.3297496382632934;
21-Jan-2020;0.014456167776665462;3.6913799501360906E-4;0.01135423482809912;3.467557572456301;3.4820137402329663;0.014456167776665462;3.6913799501360906E-4;0.01135423482809912;3.467557572456301;3.4820137402329663;
21-Jan-2020;0.01654213897873051;4.4873888590731714E-4;0.012992608651563556;3.6263833660229934;3.642925505001724;0.01654213897873051;4.4873888590731714E-4;0.012992608651563556;3.6263833660229934;3.642925505001724;
21-Jan-2020;0.018771127304557402;5.384901952622482E-4;0.014743311692059658;3.794084614298064;3.8128557416026214;0.018771127304557402;5.384901952622482E-4;0.014743311692059658;3.794084614298064;3.8128557416026214;
21-Jan-2020;0.021145560092698967;6.389119142835567E-4;0.01660825044184471;3.971049750721579;3.992195310814278;0.021145560092698967;6.389119142835567E-4;0.01660825044184471;3.971049750721579;3.992195310814278;
22-Jan-2020;0.02366831604704825;7.505226828951962E-4;0.018589685906774976;4.157687740532395;4.181356056579443;0.02366831604704825;7.505226828951962E-4;0.018589685906774976;4.157687740532395;4.181356056579443;
22-Jan-2020;0.026342727131332812;8.738425083537468E-4;0.020690235094288797;4.354429055643043;4.380771782774376;0.026342727131332812;8.738425083537468E-4;0.020690235094288797;4.354429055643043;4.380771782774376;
22-Jan-2020;0.029172581638121434;0.0010093954094290906;0.022912873423881017;4.561726696056767;4.590899277694889;0.029172581638121434;0.0010093954094290906;0.022912873423881017;4.561726696056767;4.590899277694889;
22-Jan-2020;0.03216212843787015;0.001157711995553136;0.02526093806440976;4.780057260289125;4.812219388726995;0.03216212843787015;0.001157711995553136;0.02526093806440976;4.780057260289125;4.812219388726995;
22-Jan-2020;0.03531608241600392;0.0013193319900695894;0.02773813220451599;5.009922067361979;5.045238149777982;0.03531608241600392;0.0013193319900695894;0.02773813220451599;5.009922067361979;5.045238149777982;
22-Jan-2020;0.03863963110854278;0.0014948067064730912;0.030348530264409878;5.25184833304935;5.290487964157893;0.03863963110854278;0.0014948067064730912;0.030348530264409878;5.25184833304935;5.290487964157893;
23-Jan-2020;0.0421384425493415;0.0016847014863043803;0.03309658405928856;5.506390403172546;5.548528845721887;0.0421384425493415;0.0016847014863043803;0.03309658405928856;5.506390403172546;5.548528845721887;
23-Jan-2020;0.04581867434462296;0.00188959810716904;0.035987129926701084;5.774131046866559;5.819949721211183;0.04581867434462296;0.00188959810716904;0.035987129926701084;5.774131046866559;5.819949721211183;
23-Jan-2020;0.04968698399315287;0.002110097169170418;0.03902539683227109;6.055682812871242;6.1053697968643945;0.04968698399315287;0.002110097169170418;0.03902539683227109;6.055682812871242;6.1053697968643945;
23-Jan-2020;0.05375054047313081;0.0023468204678920913;0.04221701547033009;6.351689452039407;6.405439992512538;0.05375054047313081;0.0023468204678920913;0.04221701547033009;6.351689452039407;6.405439992512538;
23-Jan-2020;0.05801703711966505;0.00260041336193144;0.04556802837820748;6.662827409400213;6.7208444465198784;0.05801703711966505;0.00260041336193144;0.04556802837820748;6.662827409400213;6.7208444465198784;
23-Jan-2020;0.06249470581956138;0.002871547142873199;0.04908490108517183;6.989807389270185;7.052302095089747;0.06249470581956138;0.002871547142873199;0.04908490108517183;6.989807389270185;7.052302095089747;
24-Jan-2020;0.06719233255309426;0.0031609214154999926;0.05277453431932566;7.333375997066379;7.400568329619473;0.06719233255309426;0.0031609214154999926;0.05277453431932566;7.333375997066379;7.400568329619473;
24-Jan-2020;0.07211927431544732;0.0034692664959656326;0.05664427729812699;7.694317461646923;7.766436735962371;0.07211927431544732;0.0034692664959656326;0.05664427729812699;7.694317461646923;7.766436735962371;
24-Jan-2020;0.07728547745361604;0.0037973458356061716;0.060701942130650166;8.073455442183768;8.150740919637384;0.07728547745361604;0.0037973458356061716;0.060701942130650166;8.073455442183768;8.150740919637384;
24-Jan-2020;0.08270149745776381;0.0041459584780332145;0.06495581936221069;8.47165492376141;8.554356421219174;0.08270149745776381;0.0041459584780332145;0.06495581936221069;8.47165492376141;8.554356421219174;
24-Jan-2020;0.0883785202493198;0.004515941557143719;0.06941469469456836;8.889824206094028;8.978202726343348;0.0883785202493198;0.004515941557143719;0.06941469469456836;8.889824206094028;8.978202726343348;
24-Jan-2020;0.09432838501151034;0.0049081728436903786;0.07408786691759622;9.32891698996231;9.42324537497382;0.09432838501151034;0.0049081728436903786;0.07408786691759622;9.32891698996231;9.42324537497382;
25-Jan-2020;0.10056360861153117;0.00532357334808668;0.07898516709106393;9.789934566190784;9.890498174802318;0.10056360861153117;0.00532357334808668;0.07898516709106393;9.789934566190784;9.890498174802318;
25-Jan-2020;0.10709741166720356;0.0057631099871709056;0.08411697901803979;10.273928112217083;10.381025523884286;0.10709741166720356;0.0057631099871709056;0.08411697901803979;10.273928112217083;10.381025523884286;
25-Jan-2020;0.11394374631472004;0.006227798322723717;0.089494261054371;10.782001101546948;10.895944847861669;0.11394374631472004;0.006227798322723717;0.089494261054371;10.782001101546948;10.895944847861669;
25-Jan-2020;0.12111732573798412;0.0067187053796247155;0.0951285693017638;11.315311831643278;11.436429157381262;0.12111732573798412;0.0067187053796247155;0.0951285693017638;11.315311831643278;11.436429157381262;
25-Jan-2020;0.12863365552408995;0.0072369525516445985;0.10103208223515944;11.8750760760649;12.003709731588991;0.12863365552408995;0.0072369525516445985;0.10103208223515944;11.8750760760649;12.003709731588991;
25-Jan-2020;0.1365090669136822;0.007783718603001481;0.10721762681839633;12.462569866951414;12.599078933865096;0.1365090669136822;0.007783718603001481;0.10721762681839633;12.462569866951414;12.599078933865096;
26-Jan-2020;0.14476075201929134;0.008360242773962833;0.11369870616556932;14.079132414245283;14.223893166264574;0.14476075201929134;0.008360242773962833;0.11369870616556932;14.079132414245283;14.223893166264574;
26-Jan-2020;0.153446925491839;0.008967947907710693;0.12052104351586677;14.75908832738508;14.912535252876918;0.153446925491839;0.008967947907710693;0.12052104351586677;14.75908832738508;14.912535252876918;
26-Jan-2020;0.16262558026442855;0.009608553718489269;0.12773018796577115;15.473563049325668;15.636188629590096;0.16262558026442855;0.009608553718489269;0.12773018796577115;15.473563049325668;15.636188629590096;
26-Jan-2020;0.17231454441667218;0.010283946378967292;0.13534014213378953;16.22419550482367;16.39651004924034;0.17231454441667218;0.010283946378967292;0.13534014213378953;16.22419550482367;16.39651004924034;
26-Jan-2020;0.18253294440923806;0.010996059498582695;0.14336592841930274;17.012706277551;17.19523922196024;0.18253294440923806;0.010996059498582695;0.14336592841930274;17.012706277551;17.19523922196024;
26-Jan-2020;0.19330124376591343;0.011746880360141784;0.15182361938442263;17.840901588043675;18.034202831809587;0.19330124376591343;0.011746880360141784;0.15182361938442263;17.840901588043675;18.034202831809587;
27-Jan-2020;0.2046412849336657;0.012538456190117743;0.1607303706319286;18.71067746389342;18.915318748827087;0.2046412849336657;0.012538456190117743;0.1607303706319286;18.71067746389342;18.915318748827087;
27-Jan-2020;0.21657633441658178;0.013372900480619202;0.17010445625458942;19.62402411185049;19.840600446267068;0.21657633441658178;0.013372900480619202;0.17010445625458942;19.62402411185049;19.840600446267068;
27-Jan-2020;0.22913113128666018;0.014252399380998393;0.1799653069367496;20.583030501959264;20.81216163324593;0.22913113128666018;0.014252399380998393;0.1799653069367496;20.583030501959264;20.81216163324593;
27-Jan-2020;0.24233193918179682;0.015179218177110055;0.19033355079484487;21.589889174325023;21.832221113506822;0.24233193918179682;0.015179218177110055;0.19033355079484487;21.589889174325023;21.832221113506822;
27-Jan-2020;0.2562066019089536;0.016155707876316913;0.20123105704951774;22.64690127961124;22.903107881520192;0.2562066019089536;0.016155707876316913;0.20123105704951774;22.64690127961124;22.903107881520192;
27-Jan-2020;0.2707846027784476;0.01718431191646551;0.2126809826282487;23.756481864893665;24.02726646767211;0.2707846027784476;0.01718431191646551;0.2126809826282487;23.756481864893665;24.02726646767211;
28-Jan-2020;0.2860971278035621;0.01826757301722791;0.22470782180390733;24.921165417050737;25.207262544854302;0.2860971278035621;0.01826757301722791;0.22470782180390733;24.921165417050737;25.207262544854302;
28-Jan-2020;0.302177132908276;0.01940814019242079;0.23733745898137984;26.143611676451535;26.44578880935981;0.302177132908276;0.01940814019242079;0.23733745898137984;26.143611676451535;26.44578880935981;
28-Jan-2020;0.3190594152948541;0.020608775942174036;0.2505972247514548;27.426611734313163;27.745671149608015;0.3190594152948541;0.020608775942174036;0.2505972247514548;27.426611734313163;27.745671149608015;
28-Jan-2020;0.3367806891323535;0.021872363644127264;0.26451595533846445;28.773094427741185;29.10987511687354;0.3367806891323535;0.021872363644127264;0.26451595533846445;28.773094427741185;29.10987511687354;
28-Jan-2020;0.35537966573680435;0.023201915163184966;0.2791240555757991;30.18613304714045;30.541512712877257;0.35537966573680435;0.023201915163184966;0.2791240555757991;30.18613304714045;30.541512712877257;
28-Jan-2020;0.3748971384239328;0.024600578699760345;0.29445356555135255;31.668952371390986;32.04384950981492;0.3748971384239328;0.024600578699760345;0.29445356555135255;31.668952371390986;32.04384950981492;
29-Jan-2020;0.39537607222583465;0.02607164689688531;0.3105382310732358;33.224936046926665;33.620312119152494;0.39537607222583465;0.02607164689688531;0.3105382310732358;33.224936046926665;33.620312119152494;
29-Jan-2020;0.4168616986740024;0.027618565227060396;0.32741357811473126;34.85763432763385;35.27449602630786;0.4168616986740024;0.027618565227060396;0.32741357811473126;34.85763432763385;35.27449602630786;
29-Jan-2020;0.4394016158625781;0.029244940680264876;0.345116991406468;36.57077219330617;37.01017380916875;0.4394016158625781;0.029244940680264876;0.345116991406468;36.57077219330617;37.01017380916875;
29-Jan-2020;0.46304589401767615;0.030954550775145268;0.3636877973532016;38.36825786525024;38.83130375926792;0.46304589401767615;0.030954550775145268;0.3636877973532016;38.36825786525024;38.83130375926792;
29-Jan-2020;0.48784718681112105;0.032751352916051;0.3831673514624008;40.25419173853955;40.74203892535067;0.48784718681112105;0.032751352916051;0.3831673514624008;40.25419173853955;40.74203892535067;
29-Jan-2020;0.5138608486699983;0.03463949411929096;0.4035991304820953;42.23287575135954;42.74673660002954;0.5138608486699983;0.03463949411929096;0.4035991304820953;42.23287575135954;42.74673660002954;
30-Jan-2020;0.5411450583470572;0.03662332113274526;0.4250288294561535;44.308823212880654;44.84996827122771;0.5411450583470572;0.03662332113274526;0.4250288294561535;44.308823212880654;44.84996827122771;
30-Jan-2020;0.5697609490312583;0.03870739097378486;0.447504463916352;46.48676911213789;47.056530061169155;0.5697609490312583;0.03870739097378486;0.447504463916352;46.48676911213789;47.056530061169155;
30-Jan-2020;0.5997727452926549;0.040896481911329136;0.4710764774423022;48.77168093148947;49.371453676782124;0.5997727452926549;0.040896481911329136;0.4710764774423022;48.77168093148947;49.371453676782124;
30-Jan-2020;0.6312479071713791;0.04319560491881061;0.4957978548325349;51.16876998937434;51.800017896545725;0.6312479071713791;0.04319560491881061;0.4957978548325349;51.16876998937434;51.800017896545725;
30-Jan-2020;0.6642572817367951;0.04561001562581827;0.5217242411428402;53.68350333829292;54.34776062002972;0.6642572817367951;0.04561001562581827;0.5217242411428402;53.68350333829292;54.34776062002972;
30-Jan-2020;0.6988752624599223;0.04814522679725907;0.5489140668613447;56.32161624519803;57.02049150765795;0.6988752624599223;0.04814522679725907;0.5489140668613447;56.32161624519803;57.02049150765795;
31-Jan-2020;0.7351799567600658;0.050807021370013396;0.5774286795038153;59.08912528280902;59.82430523956909;0.7351799567600658;0.050807021370013396;0.5774286795038153;59.08912528280902;59.82430523956909;
31-Jan-2020;0.773253362105249;0.05360146607826701;0.6073324819273321;61.99234206175254;62.76559542385779;0.773253362105249;0.05360146607826701;0.6073324819273321;61.99234206175254;62.76559542385779;
31-Jan-2020;0.8131815510655749;0.056534925699982294;0.6386930776758154;65.03788763489189;65.85106918595746;0.8131815510655749;0.056534925699982294;0.6386930776758154;65.03788763489189;65.85106918595746;
31-Jan-2020;0.8550548657390864;0.05961407795832789;0.6715814236869465;68.23270760673802;69.08776247247711;0.8550548657390864;0.05961407795832789;0.6715814236869465;68.23270760673802;69.08776247247711;
31-Jan-2020;0.8989681219911035;0.06284592911332164;0.7060719907068393;71.58408798244042;72.48305610443153;0.8989681219911035;0.06284592911332164;0.7060719907068393;71.58408798244042;72.48305610443153;
31-Jan-2020;0.9450208239704291;0.06623783028045968;0.7422429317764193;75.09967179254052;76.04469261651096;0.9450208239704291;0.06623783028045968;0.7422429317764193;75.09967179254052;76.04469261651096;
01-Feb-2020;0.9933173893892888;0.06979749451470893;0.7801762591719095;78.78747653143749;79.78079392082678;0.9933173893892888;0.06979749451470893;0.7801762591719095;78.78747653143749;79.78079392082678;
01-Feb-2020;1.043967386078462;0.07353301469993356;0.819958030201131;82.65591244936965;83.6998798354481;1.043967386078462;0.07353301469993356;0.819958030201131;82.65591244936965;83.6998798354481;
01-Feb-2020;1.0970857803548113;0.07745288228561305;0.8616785422775579;86.71380173965926;87.81088752001408;1.0970857803548113;0.07745288228561305;0.8616785422775579;86.71380173965926;87.81088752001408;
01-Feb-2020;1.1527931977654073;0.08156600691459366;0.9054325377152579;90.97039866500808;92.12319186277348;1.1527931977654073;0.08156600691459366;0.9054325377152579;90.97039866500808;92.12319186277348;
01-Feb-2020;1.2112161968007142;0.08588173698760129;0.951319418710056;95.43541066877067;96.64662686557138;1.2112161968007142;0.08588173698760129;0.951319418710056;95.43541066877067;96.64662686557138;
01-Feb-2020;1.2724875561989242;0.0904098812123352;0.9994434729955275;100.11902051937713;101.39150807557604;1.2724875561989242;0.0904098812123352;0.9994434729955275;100.11902051937713;101.39150807557604;
02-Feb-2020;1.3367465764945776;0.09516073118716518;1.0499141106868073;105.03190953843058;106.36865611492516;1.3367465764945776;0.09516073118716518;1.0499141106868073;105.03190953843058;106.36865611492516;
02-Feb-2020;1.4041393964971358;0.10014508507177318;1.102846112850756;110.18528196547499;111.58942136197213;1.4041393964971358;0.10014508507177318;1.102846112850756;110.18528196547499;111.58942136197213;
02-Feb-2020;1.4748193254192725;0.1053742723995198;1.1583598923678065;115.5908905150188;117.06570984043807;1.4748193254192725;0.1053742723995198;1.1583598923678065;115.5908905150188;117.06570984043807;
02-Feb-2020;1.5489471914103918;0.11086018008888236;1.216581767678884;121.2610631841172;122.8100103755276;1.5489471914103918;0.11086018008888236;1.216581767678884;121.2610631841172;122.8100103755276;
02-Feb-2020;1.6266917072883438;0.11661527971400922;1.2776442500402199;127.20873137166618;128.83542307895453;1.6266917072883438;0.11661527971400922;1.2776442500402199;127.20873137166618;128.83542307895453;
02-Feb-2020;1.7082298543015768;0.12265265609727213;1.3416863449397207;133.4474593735508;135.15568922785238;1.7082298543015768;0.12265265609727213;1.3416863449397207;133.4474593735508;135.15568922785238;
03-Feb-2020;1.7937472847951415;0.12898603728968;1.4088538683608933;139.9914753209261;141.78522260572126;1.7937472847951415;0.12898603728968;1.4088538683608933;139.9914753209261;141.78522260572126;
03-Feb-2020;1.8834387446971164;0.1356298260081502;1.4792997786142235;146.85570363219858;148.7391423768957;1.8834387446971164;0.1356298260081502;1.4792997786142235;146.85570363219858;148.7391423768957;
03-Feb-2020;1.9775085167872775;0.1425991326019263;1.5531845244914482;154.05579905272572;156.033307569513;1.9775085167872775;0.1425991326019263;1.5531845244914482;154.05579905272572;156.033307569513;
03-Feb-2020;2.076170885757279;0.14990980962388795;1.6306764105354241;161.60818235987043;163.6843532456277;2.076170885757279;0.14990980962388795;1.6306764105354241;161.60818235987043;163.6843532456277;
03-Feb-2020;2.179650626121355;0.15757848808613203;1.7119519802573646;169.5300778148433;171.70972844096465;2.179650626121355;0.15757848808613203;1.7119519802573646;169.5300778148433;171.70972844096465;
03-Feb-2020;2.2881835140887063;0.1656226154830172;1.797196418174184;177.83955244674607;180.12773596083477;2.2881835140887063;0.1656226154830172;1.797196418174184;177.83955244674607;180.12773596083477;
04-Feb-2020;2.402016864563439;0.17406049566886977;1.8866039715816445;186.5555572584068;188.95757412297024;2.402016864563439;0.17406049566886977;1.8866039715816445;186.5555572584068;188.95757412297024;
04-Feb-2020;2.5214100944952516;0.1829113306817538;1.980378393024042;195.69797044797772;198.21938054247298;2.5214100944952516;0.1829113306817538;1.980378393024042;195.69797044797772;198.21938054247298;
04-Feb-2020;2.6466353138642207;0.19219526460912292;2.0787334044684007;205.28764274485994;207.93427805872415;2.6466353138642207;0.19219526460912292;2.0787334044684007;205.28764274485994;207.93427805872415;
04-Feb-2020;2.7779779456460902;0.20193342959580518;2.1818931842406784;215.34644496333996;218.12442290898605;2.7779779456460902;0.20193342959580518;2.1818931842406784;215.34644496333996;218.12442290898605;
04-Feb-2020;2.9157373761705956;0.21214799409963675;2.290092877833418;225.89731788237646;228.81305525854702;2.9157373761705956;0.21214799409963675;2.290092877833418;225.89731788237646;228.81305525854702;
04-Feb-2020;3.0602276373547093;0.22286221350516572;2.4035791337487615;236.96432456527788;240.02455220263258;3.0602276373547093;0.22286221350516572;2.4035791337487615;236.96432456527788;240.02455220263258;
05-Feb-2020;3.211778122365419;0.2341004832112046;2.5226106655978495;248.57270523857295;251.7844833609384;3.211778122365419;0.2341004832112046;2.5226106655978495;248.57270523857295;251.7844833609384;
05-Feb-2020;3.370734336342922;0.24588839431363366;2.6474588417375466;260.74893485520755;264.11966919155043;3.370734336342922;0.24588839431363366;2.6474588417375466;260.74893485520755;264.11966919155043;
05-Feb-2020;3.5374586838951014;0.2582527920107573;2.7784083037882503;273.5207834733205;277.05824215721555;3.5374586838951014;0.2582527920107573;2.7784083037882503;273.5207834733205;277.05824215721555;
05-Feb-2020;3.7123312951580414;0.2712218368647078;2.9157576154424283;286.9173795882671;290.6297108834252;3.7123312951580414;0.2712218368647078;2.9157576154424283;286.9173795882671;290.6297108834252;
05-Feb-2020;3.895750892305309;0.2848250690588868;3.0598199430426267;300.9692765622897;304.86502745459495;3.895750892305309;0.2848250690588868;3.0598199430426267;300.9692765622897;304.86502745459495;
05-Feb-2020;4.088135698481004;0.2990934757982527;3.2109237694801642;315.70852230329183;319.7966580017728;4.088135698481004;0.2990934757982527;3.2109237694801642;315.70852230329183;319.7966580017728;
06-Feb-2020;4.289924391228343;0.3140595620064123;3.3694136430417254;331.16873235158164;335.4586567428099;4.289924391228343;0.3140595620064123;3.3694136430417254;331.16873235158164;335.4586567428099;
06-Feb-2020;4.501577102587021;0.32975742448098233;3.535650962910784;347.3851665412092;351.8867436437962;4.501577102587021;0.32975742448098233;3.535650962910784;347.3851665412092;351.8867436437962;
06-Feb-2020;4.723576468139061;0.34622282967655493;3.7100148031143814;364.3948094106742;369.1183858788132;4.723576468139061;0.34622282967655493;3.7100148031143814;364.3948094106742;369.1183858788132;
06-Feb-2020;4.956428727394474;0.36349329529286367;3.892902776793476;382.2364545463182;387.19288327371265;4.956428727394474;0.36349329529286367;3.892902776793476;382.2364545463182;387.19288327371265;
06-Feb-2020;5.200664878025139;0.3816081758544106;4.084731942767034;400.95079305068083;406.15145792870595;5.200664878025139;0.3816081758544106;4.084731942767034;400.95079305068083;406.15145792870595;
06-Feb-2020;5.456841886578138;0.4006087524769038;4.285939756456481;420.58050633749355;426.03734822407165;5.456841886578138;0.4006087524769038;4.285939756456481;420.58050633749355;426.03734822407165;
07-Feb-2020;5.725543958428534;0.42053832702539284;4.496985067338305;441.17036346484446;446.895907423273;5.725543958428534;0.42053832702539284;4.496985067338305;441.17036346484446;446.895907423273;
07-Feb-2020;6.007383869866717;0.4414423208789906;4.718349165198681;462.7673232283852;468.77470709825184;6.007383869866717;0.4414423208789906;4.718349165198681;462.7673232283852;468.77470709825184;
07-Feb-2020;6.3030043653570695;0.4633683785275665;4.950536877575296;485.4206412472936;491.72364561265067;6.3030043653570695;0.4633683785275665;4.950536877575296;485.4206412472936;491.72364561265067;
07-Feb-2020;6.613079623153343;0.48636647623680185;5.194077720888222;509.1819822870814;515.7950619102347;6.613079623153343;0.48636647623680185;5.194077720888222;509.1819822870814;515.7950619102347;
07-Feb-2020;6.9383167926119835;0.5104890360295467;5.449527107884163;534.1055380752614;541.0438548678733;6.9383167926119835;0.5104890360295467;5.449527107884163;534.1055380752614;541.0438548678733;
07-Feb-2020;7.2794576067080925;0.5357910452435306;5.717467614146715;560.248150878401;567.5276084851091;7.2794576067080925;0.5357910452435306;5.717467614146715;560.248150878401;567.5276084851091;
08-Feb-2020;7.637280073430197;0.562330181938186;5.998510306560015;587.6694431222104;595.3067231956406;7.637280073430197;0.562330181938186;5.998510306560015;587.6694431222104;595.3067231956406;
08-Feb-2020;8.01260024990979;0.5901669464366686;6.293296136754349;616.4319533500744;624.4445535999843;8.01260024990979;0.5901669464366686;6.293296136754349;616.4319533500744;624.4445535999843;
08-Feb-2020;8.40627410333025;0.6193647993031453;6.602497402710439;646.6012788298722;655.0075529332025;8.40627410333025;0.6193647993031453;6.602497402710439;646.6012788298722;655.0075529332025;
08-Feb-2020;8.819199462857545;0.6499903060700781;6.926819281854514;678.2462251340651;687.0654245969226;8.819199462857545;0.6499903060700781;6.926819281854514;678.2462251340651;687.0654245969226;
08-Feb-2020;9.2523180670426;0.682113289045621;7.267001439139214;711.4389630339111;720.6912811009538;9.2523180670426;0.682113289045621;7.267001439139214;711.4389630339111;720.6912811009538;
08-Feb-2020;9.706617711362878;0.715806986547377;7.6238197137763235;746.2551930653157;755.9618107766785;9.706617711362878;0.715806986547377;7.6238197137763235;746.2551930653157;755.9618107766785;
09-Feb-2020;10.183134500798907;0.7511482199256913;7.9980878884665705;782.7743181412894;792.9574526420884;10.183134500798907;0.7511482199256913;7.9980878884665705;782.7743181412894;792.9574526420884;
09-Feb-2020;10.682955212580932;0.7882175687574051;8.390659545159794;821.0796246043052;831.762579816886;10.682955212580932;0.7882175687574051;8.390659545159794;821.0796246043052;831.762579816886;
09-Feb-2020;11.207219774491922;0.8270995546096168;8.80243001157596;861.258472131047;872.465691905539;11.207219774491922;0.8270995546096168;8.80243001157596;861.258472131047;872.465691905539;
09-Feb-2020;11.757123864376556;0.8678828337925276;9.234338402924369;903.4024929221976;915.1596167865741;11.757123864376556;0.8678828337925276;9.234338402924369;903.4024929221976;915.1596167865741;
09-Feb-2020;12.333921636781987;0.9106603995409364;9.687369763475331;947.6078006310322;959.9417222678142;12.333921636781987;0.9106603995409364;9.687369763475331;947.6078006310322;959.9417222678142;
09-Feb-2020;12.938928582945909;0.9555297940854333;10.162557312866157;993.9752095067497;1006.9141380896957;12.938928582945909;0.9555297940854333;10.162557312866157;993.9752095067497;1006.9141380896957;
10-Feb-2020;13.573524530651309;1.002593331096883;10.660984802261915;1042.6104642517057;1056.1839887823571;13.573524530651309;1.002593331096883;10.660984802261915;1042.6104642517057;1056.1839887823571;
10-Feb-2020;14.23915679078595;1.0519583290114274;11.18378898574175;1093.6244811160855;1107.8636379068714;14.23915679078595;1.0519583290114274;11.18378898574175;1093.6244811160855;1107.8636379068714;
10-Feb-2020;14.937343457778937;1.1037373557680288;11.7321622125441;1147.1336007791117;1162.0709442368907;14.937343457778937;1.1037373557680288;11.7321622125441;1147.1336007791117;1162.0709442368907;
10-Feb-2020;15.669676871437217;1.1580484855165936;12.30735514607946;1203.259853592685;1218.929530464122;15.669676871437217;1.1580484855165936;12.30735514607946;1203.259853592685;1218.929530464122;
10-Feb-2020;16.437827248072637;1.215015567881981;12.910679615908155;1262.1312377914633;1278.5690650395359;16.437827248072637;1.215015567881981;12.910679615908155;1262.1312377914633;1278.5690650395359;
10-Feb-2020;17.243546489195765;1.274768510397822;13.543511609183486;1323.882011302867;1341.1255577920629;17.243546489195765;1.274768510397822;13.543511609183486;1323.882011302867;1341.1255577920629;
11-Feb-2020;18.0886721764572;1.3374435747540827;14.20729440837831;1388.6529978214044;1406.7416699978617;18.0886721764572;1.3374435747540827;14.20729440837831;1388.6529978214044;1406.7416699978617;
11-Feb-2020;18.97513176194126;1.4031836875337793;14.903541882446232;1456.5919078441307;1475.5670396060723;18.97513176194126;1.4031836875337793;14.903541882446232;1456.5919078441307;1475.5670396060723;
11-Feb-2020;19.904946963361898;1.4721387661472674;15.633841938918142;1527.853675398058;1547.7586223614198;19.904946963361898;1.4721387661472674;15.633841938918142;1527.853675398058;1547.7586223614198;
11-Feb-2020;20.880238374177345;1.5444660607071568;16.399860144801266;1602.6008112259626;1623.48104960014;20.880238374177345;1.5444660607071568;16.399860144801266;1602.6008112259626;1623.48104960014;
11-Feb-2020;21.903230299129362;1.6203305126232195;17.203343524532322;1681.0037732344472;1702.9070035335765;21.903230299129362;1.6203305126232195;17.203343524532322;1681.0037732344472;1702.9070035335765;
11-Feb-2020;22.976255826226254;1.6999051307347512;18.046124543639532;1763.2413550472845;1786.217610873511;22.976255826226254;1.6999051307347512;18.046124543639532;1763.2413550472845;1786.217610873511;
12-Feb-2020;24.10176214672722;1.7833713858378022;18.93012528719105;1849.5010935482085;1873.6028556949357;24.10176214672722;1.7833713858378022;18.93012528719105;1849.5010935482085;1873.6028556949357;
12-Feb-2020;25.282316135250163;1.8709196245065929;19.857361842550844;1939.9796963403946;1965.2620124756445;25.282316135250163;1.8709196245065929;19.857361842550844;1939.9796963403946;1965.2620124756445;
12-Feb-2020;26.520610202717204;1.9627495031523865;20.82994889642813;2034.8834900950887;2061.404100297806;26.520610202717204;1.9627495031523865;20.82994889642813;2034.8834900950887;2061.404100297806;
12-Feb-2020;27.81946843547327;2.059070443309183;21.850104556694266;2134.4288908092335;2162.248359244707;27.81946843547327;2.059070443309183;21.850104556694266;2134.4288908092335;2162.248359244707;
12-Feb-2020;29.181853034564323;2.1601021091839465;22.920155409952528;2238.842897041628;2268.0247500761925;29.181853034564323;2.1601021091839465;22.920155409952528;2238.842897041628;2268.0247500761925;
12-Feb-2020;30.61087106984502;2.2660749085597933;24.04254182638277;2348.3636072492754;2378.97447831912;30.61087106984502;2.2660749085597933;24.04254182638277;2348.3636072492754;2378.97447831912;
13-Feb-2020;32.10978156430183;2.3772305181937363;25.21982352394553;2463.2407624001985;2495.3505439645;32.10978156430183;2.3772305181937363;25.21982352394553;2463.2407624001985;2495.3505439645;
13-Feb-2020;33.68200292472904;2.493822434906382;26.454685404620363;2583.7363150962974;2617.4183180210266;33.68200292472904;2.493822434906382;26.454685404620363;2583.7363150962974;2617.4183180210266;
13-Feb-2020;35.33112073568305;2.616116553619454;27.749943675971974;2710.1250264998707;2745.4561472355535;35.33112073568305;2.616116553619454;27.749943675971974;2710.1250264998707;2745.4561472355535;
13-Feb-2020;37.060895934466465;2.744391773658398;29.108552271986696;2842.695092420403;2879.7559883548693;37.060895934466465;2.744391773658398;29.108552271986696;2842.695092420403;2879.7559883548693;
13-Feb-2020;38.875273385760444;2.8789406347016513;30.53360958780264;2981.748799984251;3020.6240733700115;38.875273385760444;2.8789406347016513;30.53360958780264;2981.748799984251;3020.6240733700115;
13-Feb-2020;40.778390875432194;3.0200699838256697;32.02836554367049;3127.6032163790487;3168.3816072544805;40.778390875432194;3.0200699838256697;32.02836554367049;3127.6032163790487;3168.3816072544805;
14-Feb-2020;42.77458854399784;3.1681016751655733;33.59622899423057;3280.5909112372524;3323.3654997812505;42.77458854399784;3.1681016751655733;33.59622899423057;3280.5909112372524;3323.3654997812505;
14-Feb-2020;44.86841878122025;3.3233733037855164;35.24077549997689;3441.0607142992985;3485.929133080519;44.86841878122025;3.3233733037855164;35.24077549997689;3441.0607142992985;3485.929133080519;
14-Feb-2020;47.06465660436966;3.4862389754307395;36.96575547860188;3609.3785100766036;3656.4431666809733;47.06465660436966;3.4862389754307395;36.96575547860188;3609.3785100766036;3656.4431666809733;
14-Feb-2020;49.36831054377388;3.6570701139149127;38.77510275477914;3785.928071318246;3835.29638186202;49.36831054377388;3.6570701139149127;38.77510275477914;3785.928071318246;3835.29638186202;
14-Feb-2020;51.78463406043784;3.8362563079820178;40.672943527846684;3971.111933172799;4022.8965672332365;51.78463406043784;3.8362563079820178;40.672943527846684;3971.111933172799;4022.8965672332365;
14-Feb-2020;54.31913752172065;4.02420619957182;42.66360577780246;4165.35231002866;4219.6714475503795;54.31913752172065;4.02420619957182;42.66360577780246;4165.35231002866;4219.6714475503795;
15-Feb-2020;56.97760076232614;4.2213484155121686;44.751629131019705;4369.0920571125025;4426.069657874828;56.97760076232614;4.2213484155121686;44.751629131019705;4369.0920571125025;4426.069657874828;
15-Feb-2020;59.7660862591918;4.428132544760137;46.94177520813341;4582.795679026432;4642.561765285624;59.7660862591918;4.428132544760137;46.94177520813341;4582.795679026432;4642.561765285624;
15-Feb-2020;62.690952950254925;4.64503016341761;49.23903847764399;4806.950387510188;4869.641340460443;62.690952950254925;4.64503016341761;49.23903847764399;4806.950387510188;4869.641340460443;
15-Feb-2020;65.75887072853627;4.872535909855545;51.6486576399322;5042.067210825657;5107.826081554193;65.75887072853627;4.872535909855545;51.6486576399322;5042.067210825657;5107.826081554193;
15-Feb-2020;68.97683564451397;5.111168612395074;54.1761275675829;5288.682157277111;5357.658992921625;68.97683564451397;5.111168612395074;54.1761275675829;5288.682157277111;5357.658992921625;
15-Feb-2020;72.35218585136748;5.361472472113087;56.82721182917743;5547.357435502443;5619.709621353812;72.35218585136748;5.361472472113087;56.82721182917743;5547.357435502443;5619.709621353812;
16-Feb-2020;75.89261832935622;5.624018303465198;59.60795582503783;5818.682734298229;5894.575352627585;75.89261832935622;5.624018303465198;59.60795582503783;5818.682734298229;5894.575352627585;
16-Feb-2020;79.60620642736428;5.899404835550426;62.524700564793704;6103.276564875243;6182.882771302607;79.60620642736428;5.899404835550426;62.524700564793704;6103.276564875243;6182.882771302607;
16-Feb-2020;83.50141826149508;6.18826007697967;65.5840971180975;6401.787668581181;6485.289086842676;83.50141826149508;6.18826007697967;65.5840971180975;6401.787668581181;6485.289086842676;
16-Feb-2020;87.587136012542;6.491242747454556;68.79312177133936;6714.896493274189;6802.483629286731;87.587136012542;6.491242747454556;68.79312177133936;6714.896493274189;6802.483629286731;
16-Feb-2020;91.87267616619764;6.809043779314734;72.15909192481234;7043.316741684666;7135.189417850864;91.87267616619764;6.809043779314734;72.15909192481234;7043.316741684666;7135.189417850864;
16-Feb-2020;96.3678107419989;7.142387892470598;75.68968276645572;7387.796995264009;7484.164806006007;96.3678107419989;7.142387892470598;75.68968276645572;7387.796995264009;7484.164806006007;
17-Feb-2020;101.08278955924443;7.492035246304982;79.39294476006185;7749.122417187855;7850.2052067470995;101.08278955924443;7.492035246304982;79.39294476006185;7749.122417187855;7850.2052067470995;
17-Feb-2020;106.02836359046688;7.858783172302087;83.27732198767598;8128.116538358299;8234.144901948766;106.02836359046688;7.858783172302087;83.27732198767598;8128.116538358299;8234.144901948766;
17-Feb-2020;111.2158094555032;8.243467991345089;87.35167138785016;8525.643130434883;8636.858939890386;111.2158094555032;8.243467991345089;87.35167138785016;8525.643130434883;8636.858939890386;
17-Feb-2020;116.65695511178572;8.64696691981593;91.62528293343875;8942.608170118267;9059.265125230053;116.65695511178572;8.64696691981593;91.62528293343875;8942.608170118267;9059.265125230053;
17-Feb-2020;122.36420679918018;9.070200068832223;96.10790079474647;9379.961899113843;9502.326105913024;122.36420679918018;9.070200068832223;96.10790079474647;9379.961899113843;9502.326105913024;
17-Feb-2020;128.35057730053194;9.51413254116735;100.8097455360664;9838.700984415438;9967.05156171597;128.35057730053194;9.51413254116735;100.8097455360664;9838.700984415438;9967.05156171597;
18-Feb-2020;134.62971558205254;9.979776630621263;105.74153739597915;10319.87078377228;10454.500499354332;134.62971558205254;9.979776630621263;105.74153739597915;10319.87078377228;10454.500499354332;
18-Feb-2020;141.21593788079394;10.468194128841672;110.91452070423058;10824.567721435853;10965.783659316647;141.21593788079394;10.468194128841672;110.91452070423058;10824.567721435853;10965.783659316647;
18-Feb-2020;148.1242603097219;10.980498744838647;116.34048949056996;11353.941779527819;11502.06603983754;148.1242603097219;10.980498744838647;116.34048949056996;11353.941779527819;11502.06603983754;
18-Feb-2020;155.37043305432275;11.517858642690936;122.0318143436181;11909.19911062604;12064.569543680362;155.37043305432275;11.517858642690936;122.0318143436181;11909.19911062604;12064.569543680362;
18-Feb-2020;162.9709762382641;12.081499103209794;128.0014705806519;12491.604777433784;12654.575753672048;162.9709762382641;12.081499103209794;128.0014705806519;12491.604777433784;12654.575753672048;
18-Feb-2020;170.9432175393892;12.672705315606645;134.26306779214502;13102.485625677604;13273.428843216992;170.9432175393892;12.672705315606645;134.26306779214502;13102.485625677604;13273.428843216992;
19-Feb-2020;179.30533164126516;13.29282530550498;140.83088082799785;13743.233296672945;13922.538628314207;179.30533164126516;13.29282530550498;140.83088082799785;13743.233296672945;13922.538628314207;
19-Feb-2020;188.07638160963313;13.943273005945128;147.7198822956339;14415.307386303775;14603.383767913409;188.07638160963313;13.943273005945128;147.7198822956339;14415.307386303775;14603.383767913409;
19-Feb-2020;197.2763622874369;14.625531478353807;154.9457766435379;15120.238757483965;15317.515119771402;197.2763622874369;14.625531478353807;154.9457766435379;15120.238757483965;15317.515119771402;
19-Feb-2020;206.92624580663954;15.341156290789053;162.5250359073719;15859.63301350445;16066.55925931109;206.92624580663954;15.341156290789053;162.5250359073719;15859.63301350445;16066.55925931109;
19-Feb-2020;217.04802931978983;16.091779061126335;170.47493719953852;16635.17414002215;16852.22216934194;217.04802931978983;16.091779061126335;170.47493719953852;16635.17414002215;16852.22216934194;
19-Feb-2020;227.6647850592786;16.87911117322389;178.81360202696973;17448.628323814533;17676.29310887381;227.6647850592786;16.87911117322389;178.81360202696973;17448.628323814533;17676.29310887381;
20-Feb-2020;238.80071283744127;17.70494767449551;187.56003752601706;18301.84795680874;18540.64866964618;238.80071283744127;17.70494767449551;187.56003752601706;18301.84795680874;18540.64866964618;
20-Feb-2020;250.4811951061279;18.571171363728034;196.7341797076117;19196.775834296506;19447.257029402634;250.4811951061279;18.571171363728034;196.7341797076117;19196.775834296506;19447.257029402634;
20-Feb-2020;262.73285470008847;19.479757078409428;206.35693881035985;20135.44955666718;20398.182411367266;262.73285470008847;19.479757078409428;206.35693881035985;20135.44955666718;20398.182411367266;
20-Feb-2020;275.58361539451744;20.432776191282674;216.45024686394893;21120.006144430685;21395.5897598252;275.58361539451744;20.432776191282674;216.45024686394893;21120.006144430685;21395.5897598252;
20-Feb-2020;289.062765413386;21.43240132631146;227.03710757017632;22152.68687676234;22441.749642175724;289.062765413386;21.43240132631146;227.03710757017632;22152.68687676234;22441.749642175724;
20-Feb-2020;303.2010240317703;22.480911304737226;238.1416486140795;23235.842364281674;23539.043388313443;303.2010240317703;22.480911304737226;238.1416486140795;23235.842364281674;23539.043388313443;
21-Feb-2020;318.03061142227756;23.580696332424175;249.78917652306146;24371.93786727936;24689.968478701638;318.03061142227756;23.580696332424175;249.78917652306146;24371.93786727936;24689.968478701638;
21-Feb-2020;333.58532190288867;24.734263440230762;262.0062341975741;25563.558871130655;25897.144193033546;333.58532190288867;24.734263440230762;262.0062341975741;25563.558871130655;25897.144193033546;
21-Feb-2020;349.900600751098;25.944242189713997;274.8206612428596;26813.416931181277;27163.317531932375;349.900600751098;25.944242189713997;274.8206612428596;26813.416931181277;27163.317531932375;
21-Feb-2020;367.01362475714416;27.21339065706788;288.2616572374679;28124.35579996316;28491.369424720302;367.01362475714416;27.21339065706788;288.2616572374679;28124.35579996316;28491.369424720302;
21-Feb-2020;384.96338669741425;28.544601708820583;302.3598480807754;29499.357850194414;29884.321236891825;384.96338669741425;28.544601708820583;302.3598480807754;29499.357850194414;29884.321236891825;
21-Feb-2020;403.7907839177815;29.940909583468173;317.14735556854885;30941.550807640182;31345.34159155796;403.7907839177815;29.940909583468173;317.14735556854885;30941.550807640182;31345.34159155796;
22-Feb-2020;423.5387112257182;31.405496793906774;332.6578703527281;32454.214808560962;32877.75351978668;423.5387112257182;31.405496793906774;332.6578703527281;32454.214808560962;32877.75351978668;
22-Feb-2020;444.25215829953515;32.94170136624186;348.9267284490727;34040.789797152196;34485.04195545173;444.25215829953515;32.94170136624186;348.9267284490727;34040.789797152196;34485.04195545173;
22-Feb-2020;465.97831183304777;34.55302443130407;365.9909914641315;35704.88327908544;36170.86159091849;465.97831183304777;34.55302443130407;365.9909914641315;35704.88327908544;36170.86159091849;
22-Feb-2020;488.7666626443847;36.24313818598738;383.8895307211729;37450.27844799764;37939.04511064202;488.7666626443847;36.24313818598738;383.8895307211729;37450.27844799764;37939.04511064202;
22-Feb-2020;512.6691179885512;38.015894242348985;402.66311547327376;39280.94270254193;39793.61182053048;512.6691179885512;38.015894242348985;402.66311547327376;39280.94270254193;39793.61182053048;
22-Feb-2020;537.7401193247587;39.875332383272834;422.35450540071884;41201.03657241279;41738.776691737556;537.7401193247587;39.875332383272834;422.35450540071884;41201.03657241279;41738.776691737556;
23-Feb-2020;564.0367658014618;41.825689744401934;443.0085475992291;43214.92307258965;43778.959838391114;564.0367658014618;41.825689744401934;443.0085475992291;43214.92307258965;43778.959838391114;
23-Feb-2020;591.6056116623764;43.871390170999916;464.6618069332665;44488.91774130284;45080.52335296522;591.6056116623764;43.871390170999916;464.6618069332665;44488.91774130284;45080.52335296522;
23-Feb-2020;620.4560635188084;46.016877731105254;487.3216715900295;45632.893898769355;46253.349962288165;620.4560635188084;46.016877731105254;487.3216715900295;45632.893898769355;46253.349962288165;
23-Feb-2020;650.5735750373041;48.266415898700004;510.9767165163176;46813.84925394951;47464.42282898682;650.5735750373041;48.266415898700004;510.9767165163176;46813.84925394951;47464.42282898682;
23-Feb-2020;681.9462056177254;50.62404975329547;535.6175632668852;48032.5274494758;48714.47365509353;681.9462056177254;50.62404975329547;535.6175632668852;48032.5274494758;48714.47365509353;
23-Feb-2020;714.56460070121;53.09362888246102;561.2368645378218;49289.690943140246;50004.25554384146;714.56460070121;53.09362888246102;561.2368645378218;49289.690943140246;50004.25554384146;
24-Feb-2020;748.4219009769214;55.67882881137342;587.8292328552685;50586.12729642644;51334.549197403365;748.4219009769214;55.67882881137342;587.8292328552685;50586.12729642644;51334.549197403365;
24-Feb-2020;783.5136569214753;58.38317120883586;615.3911734525514;51922.64986323982;52706.163520161295;783.5136569214753;58.38317120883586;615.3911734525514;51922.64986323982;52706.163520161295;
24-Feb-2020;819.8377484759554;61.210042940844055;643.9210211825058;53300.09848110081;54119.936229576764;819.8377484759554;61.210042940844055;643.9210211825058;53300.09848110081;54119.936229576764;
24-Feb-2020;857.3943096706325;64.1627140392954;673.4188813158503;54719.340166294045;55576.73447596468;857.3943096706325;64.1627140392954;673.4188813158503;54719.340166294045;55576.73447596468;
24-Feb-2020;896.1856580150695;67.24435465012068;703.8865740824133;56181.26981423232;57077.455472247384;896.1856580150695;67.24435465012068;703.8865740824133;56181.26981423232;57077.455472247384;
24-Feb-2020;936.2162284786594;70.45805102195447;735.3275828178009;57686.81090625058;58623.027134729244;936.2162284786594;70.45805102195447;735.3275828178009;57686.81090625058;58623.027134729244;
25-Feb-2020;977.4925118938079;73.8068205934431;767.7470055837196;59236.916224004985;60214.40873589879;977.4925118938079;73.8068205934431;767.7470055837196;59236.916224004985;60214.40873589879;
25-Feb-2020;1020.022997112672;77.29362623364051;801.1515097364356;60832.530233030935;61852.5532301436;1020.022997112672;77.29362623364051;801.1515097364356;60832.530233030935;61852.5532301436;
25-Feb-2020;1063.8181152000404;80.92138967967536;835.5492880944711;62474.62300927448;63538.44112447452;1063.8181152000404;80.92138967967536;835.5492880944711;62474.62300927448;63538.44112447452;
25-Feb-2020;1108.8901874791977;84.69300421389107;870.9500181325293;64164.23157487019;65273.12176234939;1108.8901874791977;84.69300421389107;870.9500181325293;64164.23157487019;65273.12176234939;
25-Feb-2020;1155.2533793452205;88.61134663528716;907.3648257053053;65902.42477064232;67057.67814998754;1155.2533793452205;88.61134663528716;907.3648257053053;65902.42477064232;67057.67814998754;
25-Feb-2020;1202.9236582478434;92.67928857856752;944.8062520461809;67690.3040117454;68893.22766999323;1202.9236582478434;92.67928857856752;944.8062520461809;67690.3040117454;68893.22766999323;
26-Feb-2020;1251.9187552159433;96.89970722422012;983.2882235475945;69529.00405601066;70780.9228112266;1251.9187552159433;96.89970722422012;983.2882235475945;69529.00405601066;70780.9228112266;
26-Feb-2020;1304.8860078927478;101.27549541911722;1022.8260130634065;71415.9857768846;72720.87178477735;1304.8860078927478;101.27549541911722;1022.8260130634065;71415.9857768846;72720.87178477735;
26-Feb-2020;1364.616141992354;105.80957100732812;1063.4361561767516;73348.32083957689;74712.93698156925;1364.616141992354;105.80957100732812;1063.4361561767516;73348.32083957689;74712.93698156925;
26-Feb-2020;1431.4188618186427;110.50488516246254;1105.1363617718619;75326.5240800332;76757.94294185184;1431.4188618186427;110.50488516246254;1105.1363617718619;75326.5240800332;76757.94294185184;
26-Feb-2020;1505.6127877140323;115.36442992546071;1147.9454637396245;77351.12017724941;78856.73296496343;1505.6127877140323;115.36442992546071;1147.9454637396245;77351.12017724941;78856.73296496343;
26-Feb-2020;1587.5259802658536;120.3912451995802;1191.8833854940942;79422.6432214597;81010.16920172554;1587.5259802658536;120.3912451995802;1191.8833854940942;79422.6432214597;81010.16920172554;
27-Feb-2020;1677.4964458061886;125.58842525762833;1236.9711067792234;81541.6362777632;83219.13272356939;1677.4964458061886;125.58842525762833;1236.9711067792234;81541.6362777632;83219.13272356939;
27-Feb-2020;1772.2994559657861;130.9591248272856;1283.2306500906427;83713.90676758272;85486.2062235485;1772.2994559657861;130.9591248272856;1283.2306500906427;83713.90676758272;85486.2062235485;
27-Feb-2020;1868.5373658125636;136.50656515558694;1330.6851425566172;85945.83109942399;87814.36846523653;1868.5373658125636;136.50656515558694;1330.6851425566172;85945.83109942399;87814.36846523653;
27-Feb-2020;1966.2078764241403;142.23404045017043;1379.3588899021895;88238.9342603798;90205.14213680393;1966.2078764241403;142.23404045017043;1379.3588899021895;88238.9342603798;90205.14213680393;
27-Feb-2020;2065.309497546899;148.14492444223762;1429.2773899477;90594.78567338678;92660.09517093368;2065.309497546899;148.14492444223762;1429.2773899477;90594.78567338678;92660.09517093368;
27-Feb-2020;2165.84144336365;154.24267674954788;1480.4673314227257;93015.00039331164;95180.84183667527;2165.84144336365;154.24267674954788;1480.4673314227257;93015.00039331164;95180.84183667527;
28-Feb-2020;2267.803531849896;160.53084902865052;1532.9565945619295;95501.2403352187;97769.0438670686;2267.803531849896;160.53084902865052;1532.9565945619295;95501.2403352187;97769.0438670686;
28-Feb-2020;2371.3418695152036;167.01309094173288;1586.774256115553;98055.32576417532;100426.66763369052;2371.3418695152036;167.01309094173288;1586.774256115553;98055.32576417532;100426.66763369052;
28-Feb-2020;2476.6103577100707;173.69315601232157;1641.9506067690334;100679.14109753513;103155.7514552452;2476.6103577100707;173.69315601232157;1641.9506067690334;100679.14109753513;103155.7514552452;
28-Feb-2020;2583.6251058614516;180.57490743669925;1698.5171702705838;103374.51607190343;105958.14117776488;2583.6251058614516;180.57490743669925;1698.5171702705838;103374.51607190343;105958.14117776488;
28-Feb-2020;2692.403040681886;187.66232381504165;1756.506713570672;106143.33389415062;108835.73693483252;2692.403040681886;187.66232381504165;1756.506713570672;106143.33389415062;108835.73693483252;
28-Feb-2020;2802.9618435394787;194.95950476214955;1815.9532559786373;108987.53270000842;111790.49454354792;2802.9618435394787;194.95950476214955;1815.9532559786373;108987.53270000842;111790.49454354792;
29-Feb-2020;2915.319890162813;202.47067640949768;1876.892079983289;111909.10705482439;114824.42694498721;2915.319890162813;202.47067640949768;1876.892079983289;111909.10705482439;114824.42694498721;
29-Feb-2020;3030.034216228397;210.20019680709956;1939.359739781812;114909.19281148392;117939.22702771232;3030.034216228397;210.20019680709956;1939.359739781812;114909.19281148392;117939.22702771232;
29-Feb-2020;3147.6893778897934;218.15256115775142;2003.3940551181306;117988.88910292884;121136.57848081863;3147.6893778897934;218.15256115775142;2003.3940551181306;117988.88910292884;121136.57848081863;
29-Feb-2020;3268.360342103423;226.33240681871555;2069.034105101369;121150.20617646856;124418.56651857198;3268.360342103423;226.33240681871555;2069.034105101369;121150.20617646856;124418.56651857198;
29-Feb-2020;3392.1245274045646;234.74451815296936;2136.320238112274;124395.20936644706;127787.33389385164;3392.1245274045646;234.74451815296936;2136.320238112274;124395.20936644706;127787.33389385164;
29-Feb-2020;3519.0618369024733;243.39383132311153;2205.294086980312;127726.02044769193;131245.0822845944;3519.0618369024733;243.39383132311153;2205.294086980312;127726.02044769193;131245.0822845944;
01-Mar-2020;3649.2546940439183;252.28543904792707;2275.9985856231256;131144.81902471223;134794.07371875615;3649.2546940439183;252.28543904792707;2275.9985856231256;131144.81902471223;134794.07371875615;
01-Mar-2020;3780.3894067482333;261.42459536063154;2348.478001259542;134657.6044304157;138437.99383716393;3780.3894067482333;261.42459536063154;2348.478001259542;134657.6044304157;138437.99383716393;
01-Mar-2020;3910.0344956247463;270.81672067875064;2422.7780269480127;138270.8252492012;142180.85974482595;3910.0344956247463;270.81672067875064;2422.7780269480127;138270.8252492012;142180.85974482595;
01-Mar-2020;4038.034878430011;280.46740748701205;2498.9458821811018;141987.50793410884;146025.54281253886;4038.034878430011;280.46740748701205;2498.9458821811018;141987.50793410884;146025.54281253886;
01-Mar-2020;4164.228901240885;290.3824264049282;2577.0303633977956;145810.77576633776;149975.00466757864;4164.228901240885;290.3824264049282;2577.0303633977956;145810.77576633776;149975.00466757864;
01-Mar-2020;4288.4479924609905;300.5677323657924;2657.0818827315397;149743.8520765804;154032.3000690414;4288.4479924609905;300.5677323657924;2657.0818827315397;149743.8520765804;154032.3000690414;
02-Mar-2020;4410.516307042314;311.02947089167344;2739.1525085657063;153790.06357578246;158200.5798828248;4410.516307042314;311.02947089167344;2739.1525085657063;153790.06357578246;158200.5798828248;
02-Mar-2020;4533.644481452533;321.77398443129425;2823.295984987096;157947.23971641093;162480.88419786346;4533.644481452533;321.77398443129425;2823.295984987096;157947.23971641093;162480.88419786346;
02-Mar-2020;4661.2067630900165;332.8078182880002;2909.5676578284388;162212.7360613568;166873.9428244468;4661.2067630900165;332.8078182880002;2909.5676578284388;162212.7360613568;166873.9428244468;
02-Mar-2020;4793.353223637387;344.137725682068;2998.0243928158357;166589.21567332794;171382.56889696533;4793.353223637387;344.137725682068;2998.0243928158357;166589.21567332794;171382.56889696533;
02-Mar-2020;4930.238845241223;355.7706723525023;3088.7245799965394;171079.40965567893;176009.64850092013;4930.238845241223;355.7706723525023;3088.7245799965394;171079.40965567893;176009.64850092013;
02-Mar-2020;5072.023656334664;367.7138411717499;3181.7281616409905;175686.118636389;180758.14229272367;5072.023656334664;367.7138411717499;3181.7281616409905;175686.118636389;180758.14229272367;
03-Mar-2020;5218.87287172863;379.9746368244647;3277.0966615310163;180412.2142869954;185631.08715872405;5218.87287172863;379.9746368244647;3277.0966615310163;180412.2142869954;185631.08715872405;
03-Mar-2020;5368.972387412029;392.56069059430104;3374.893234268403;185264.418845699;190633.39123311103;5368.972387412029;392.56069059430104;3374.893234268403;185264.418845699;190633.39123311103;
03-Mar-2020;5520.412511926935;405.4798656572437;3475.1827926748074;190249.91865297162;195770.33116489853;5520.412511926935;405.4798656572437;3475.1827926748074;190249.91865297162;195770.33116489853;
03-Mar-2020;5673.1688911349;418.74026325752607;3578.032142539377;195372.46514207358;201045.63403320848;5673.1688911349;418.74026325752607;3578.032142539377;195372.46514207358;201045.63403320848;
03-Mar-2020;5827.215064796578;432.35022943911815;3683.510048738712;200635.91993639633;206463.13500119292;5827.215064796578;432.35022943911815;3683.510048738712;200635.91993639633;206463.13500119292;
03-Mar-2020;5982.522343882992;446.3183619583705;3791.6872850643;206044.2580874038;212026.78043128678;5982.522343882992;446.3183619583705;3791.6872850643;206044.2580874038;212026.78043128678;
04-Mar-2020;6139.059684336387;460.65351735222396;3902.6366859099603;211601.57140858177;217740.63109291816;6139.059684336387;460.65351735222396;3902.6366859099603;211601.57140858177;217740.63109291816;
04-Mar-2020;6296.816609396209;475.3648181219474;4016.4331745106615;217309.6201844685;223606.4367938647;6296.816609396209;475.3648181219474;4016.4331745106615;217309.6201844685;223606.4367938647;
04-Mar-2020;6455.781005759766;490.4616595177889;4133.153691147627;223170.04595093048;229625.82695669026;6455.781005759766;490.4616595177889;4133.153691147627;223170.04595093048;229625.82695669026;
04-Mar-2020;6615.91578786656;505.95371546655764;4252.8771215961315;229186.93198745244;235802.847775319;6615.91578786656;505.95371546655764;4252.8771215961315;229186.93198745244;235802.847775319;
04-Mar-2020;6777.180693841096;521.850944148945;4375.68432730156;235364.47118493938;242141.65187878048;6777.180693841096;521.850944148945;4375.68432730156;235364.47118493938;242141.65187878048;
04-Mar-2020;6939.532165804924;538.1635937697537;4501.658202029957;241706.968898327;248646.5010641319;6939.532165804924;538.1635937697537;4501.658202029957;241706.968898327;248646.5010641319;
05-Mar-2020;7102.923241288535;554.9022085959092;4630.226763018013;248220.1854580567;255323.1086993452;7102.923241288535;554.9022085959092;4630.226763018013;248220.1854580567;255323.1086993452;
05-Mar-2020;7269.1538632984875;572.0776355277188;4761.564030944451;254906.70141012946;262175.85527342797;7269.1538632984875;572.0776355277188;4761.564030944451;254906.70141012946;262175.85527342797;
05-Mar-2020;7440.1160871261445;589.7010310965381;4896.507827559781;261766.90548649337;269207.0215736195;7440.1160871261445;589.7010310965381;4896.507827559781;261766.90548649337;269207.0215736195;
05-Mar-2020;7615.9472830254035;607.7838681570393;5035.1591531594195;268805.18508311623;276421.13236614165;7615.9472830254035;607.7838681570393;5035.1591531594195;268805.18508311623;276421.13236614165;
05-Mar-2020;7796.788539346828;626.3379422947489;5177.621617361852;276026.03664549516;283822.825184842;7796.788539346828;626.3379422947489;5177.621617361852;276026.03664549516;283822.825184842;
05-Mar-2020;7982.784763366203;645.3753784030873;5324.001506891934;283434.06813385326;291416.8528972195;7982.784763366203;645.3753784030873;5324.001506891934;283434.06813385326;291416.8528972195;
06-Mar-2020;8174.0847847744335;664.9086374791619;5474.407855063759;291034.0015409464;299208.0863257208;8174.0847847744335;664.9086374791619;5474.407855063759;291034.0015409464;299208.0863257208;
06-Mar-2020;8369.594169457307;684.9505236787119;5628.354212371358;298833.7599612965;307203.35413075384;8369.594169457307;684.9505236787119;5628.354212371358;298833.7599612965;307203.35413075384;
06-Mar-2020;8568.157969912103;705.5141920299858;5785.319904936133;306841.6442565503;315409.8022264624;8568.157969912103;705.5141920299858;5785.319904936133;306841.6442565503;315409.8022264624;
06-Mar-2020;8769.805703267342;726.613157165642;5945.346812412892;315063.1694444161;323832.97514768346;8769.805703267342;726.613157165642;5945.346812412892;315063.1694444161;323832.97514768346;
06-Mar-2020;8974.566310704784;748.261302702997;6108.476595010664;323503.9977365455;332478.56404725026;8974.566310704784;748.261302702997;6108.476595010664;323503.9977365455;332478.56404725026;
06-Mar-2020;9182.468097437237;770.4728908734044;6274.75063653017;332169.94233303063;341352.4104304678;9182.468097437237;770.4728908734044;6274.75063653017;332169.94233303063;341352.4104304678;
07-Mar-2020;9393.538670758318;793.2625723737247;6444.2099848434655;341066.9713136794;350460.5099844378;9393.538670758318;793.2625723737247;6444.2099848434655;341066.9713136794;350460.5099844378;
07-Mar-2020;9609.076605623322;816.6453964194473;6617.554791434143;350198.48706811795;359807.5636737413;9609.076605623322;816.6453964194473;6617.554791434143;350198.48706811795;359807.5636737413;
07-Mar-2020;9830.44580894965;840.6368206946754;6795.5266068093415;359567.82635253324;369398.2721614829;9830.44580894965;840.6368206946754;6795.5266068093415;359567.82635253324;369398.2721614829;
07-Mar-2020;10057.806247258863;865.2527209245173;6978.250681678431;369181.05680499313;379238.86305225204;10057.806247258863;865.2527209245173;6978.250681678431;369181.05680499313;379238.86305225204;
07-Mar-2020;10291.322061159013;890.5094003709012;7165.8554837770425;379044.3972106969;389335.7192718559;10291.322061159013;890.5094003709012;7165.8554837770425;379044.3972106969;389335.7192718559;
07-Mar-2020;10531.161674852794;916.4235995780805;7358.472781061607;389164.22096381173;399695.3826386645;10531.161674852794;916.4235995780805;7358.472781061607;389164.22096381173;399695.3826386645;
08-Mar-2020;10777.497908337227;943.0125064009086;7556.2377269086855;399547.05959895067;410324.5575072878;10777.497908337227;943.0125064009086;7556.2377269086855;399547.05959895067;410324.5575072878;
08-Mar-2020;11029.019871934323;970.293766399875;7758.522425745961;410205.01682333834;421234.03669527266;11029.019871934323;970.293766399875;7758.522425745961;410205.01682333834;421234.03669527266;
08-Mar-2020;11284.34390977347;998.2854944547181;7964.653861169427;421150.88284439914;432435.22675417265;11284.34390977347;998.2854944547181;7964.653861169427;421150.88284439914;432435.22675417265;
08-Mar-2020;11543.499164810013;1027.0062883676821;8174.678468862276;432392.53968416556;443936.0388489756;11543.499164810013;1027.0062883676821;8174.678468862276;432392.53968416556;443936.0388489756;
08-Mar-2020;11806.513992501705;1056.475243674708;8388.642260784554;443938.09117003996;455744.6051625417;11806.513992501705;1056.475243674708;8388.642260784554;443938.09117003996;455744.6051625417;
08-Mar-2020;12073.415868319447;1086.7119688141233;8606.590737091594;455795.86930281355;467869.285171133;12073.415868319447;1086.7119688141233;8606.590737091594;455795.86930281355;467869.285171133;
09-Mar-2020;12344.231292631655;1117.7366005935912;8828.568794337492;467974.4408222098;480318.6721148415;12344.231292631655;1117.7366005935912;8828.568794337492;467974.4408222098;480318.6721148415;
09-Mar-2020;12620.813901210466;1149.5698198829245;9055.632352109089;480476.34768694063;493097.1615881511;12620.813901210466;1149.5698198829245;9055.632352109089;480476.34768694063;493097.1615881511;
09-Mar-2020;12905.111520258532;1182.2328665919372;9288.899473110741;493303.78317402676;506208.8946942853;12905.111520258532;1182.2328665919372;9288.899473110741;493303.78317402676;506208.8946942853;
09-Mar-2020;13197.341361241462;1215.7475530837598;9528.5411967911;506465.07659526216;519662.41795650363;13197.341361241462;1215.7475530837598;9528.5411967911;506465.07659526216;519662.41795650363;
09-Mar-2020;13497.726397773462;1250.136276931053;9774.732985313085;519968.7628683167;533466.4892660902;13497.726397773462;1250.136276931053;9774.732985313085;519968.7628683167;533466.4892660902;
09-Mar-2020;13806.495524100737;1285.4220340004895;10027.654842738935;533823.587131023;547630.0826551238;13806.495524100737;1285.4220340004895;10027.654842738935;533823.587131023;547630.0826551238;
10-Mar-2020;14123.883717247503;1321.6284319554766;10287.491436847571;548038.50943902;562162.3931562675;14123.883717247503;1321.6284319554766;10287.491436847571;548038.50943902;562162.3931562675;
10-Mar-2020;14451.688252321575;1358.7797040845658;10555.274491308184;562616.401771896;577068.0900242176;14451.688252321575;1358.7797040845658;10555.274491308184;562616.401771896;577068.0900242176;
10-Mar-2020;14791.79402087537;1396.9007224396605;10832.07286912286;577559.9903675844;592351.7843884598;14791.79402087537;1396.9007224396605;10832.07286912286;577559.9903675844;592351.7843884598;
10-Mar-2020;15144.620516607776;1436.017009415077;11118.150977498011;592878.2852326613;608022.9057492691;15144.620516607776;1436.017009415077;11118.150977498011;592878.2852326613;608022.9057492691;
10-Mar-2020;15510.59982268896;1476.1547488013202;11413.779493073956;608580.4911874399;624091.0910101288;15510.59982268896;1476.1547488013202;11413.779493073956;608580.4911874399;624091.0910101288;
10-Mar-2020;15890.176989598916;1517.3407973807466;11719.235509020315;624676.0118850349;640566.1888746337;15890.176989598916;1517.3407973807466;11719.235509020315;624676.0118850349;640566.1888746337;
11-Mar-2020;16283.810422022023;1559.6026971428962;12034.802683503269;641174.4538580364;657458.2642800584;16283.810422022023;1559.6026971428962;12034.802683503269;641174.4538580364;657458.2642800584;
11-Mar-2020;16691.604043833944;1602.9686771222314;12360.584791871966;657546.7990056543;674238.4030494882;16691.604043833944;1602.9686771222314;12360.584791871966;657546.7990056543;674238.4030494882;
11-Mar-2020;17113.616098522227;1647.467530231044;12696.654788302418;673278.0194901903;690391.6355887125;17113.616098522227;1647.467530231044;12696.654788302418;673278.0194901903;690391.6355887125;
11-Mar-2020;17550.187952740107;1693.128276322713;13043.210838824827;688398.8544213788;705949.042374119;17550.187952740107;1693.128276322713;13043.210838824827;688398.8544213788;705949.042374119;
11-Mar-2020;18001.59820456737;1739.9797426213422;13400.39878681045;702939.8576579287;720941.455862496;18001.59820456737;1739.9797426213422;13400.39878681045;702939.8576579287;720941.455862496;
11-Mar-2020;18468.066906009102;1788.0501868947847;13768.316120520793;716931.2192640305;735399.2861700396;18468.066906009102;1788.0501868947847;13768.316120520793;716931.2192640305;735399.2861700396;
12-Mar-2020;18949.759679818315;1837.3669705233397;14146.830687673784;730402.7029296083;749352.4626094266;18949.759679818315;1837.3669705233397;14146.830687673784;730402.7029296083;749352.4626094266;
12-Mar-2020;19445.731515387393;1887.9562777469232;14534.977288718166;743389.3503881185;762835.0819035058;19445.731515387393;1887.9562777469232;14534.977288718166;743389.3503881185;762835.0819035058;
12-Mar-2020;19954.944068692108;1939.84287843005;14931.906684931859;755924.3664452666;775879.3105139586;19954.944068692108;1939.84287843005;14931.906684931859;755924.3664452666;775879.3105139586;
12-Mar-2020;20477.33102291481;1993.0499314323642;15337.498057742727;768034.842389939;788512.1734128539;20477.33102291481;1993.0499314323642;15337.498057742727;768034.842389939;788512.1734128539;
12-Mar-2020;21012.789910123895;2047.598824019728;15751.604051978342;779747.003177997;800759.7930881209;21012.789910123895;2047.598824019728;15751.604051978342;779747.003177997;800759.7930881209;
12-Mar-2020;21561.185983597163;2103.509043165603;16174.054174988512;791086.149008749;812647.3349923462;21561.185983597163;2103.509043165603;16174.054174988512;791086.149008749;812647.3349923462;
13-Mar-2020;22122.355855840036;2160.798075727298;16604.657949645814;802076.6118393299;824198.96769517;22122.355855840036;2160.798075727298;16604.657949645814;802076.6118393299;824198.96769517;
13-Mar-2020;22694.710160146944;2219.481334741712;17043.20783521961;812743.5455272248;835438.2556873717;22694.710160146944;2219.481334741712;17043.20783521961;812743.5455272248;835438.2556873717;
13-Mar-2020;23276.589334788772;2279.572109332;17489.481939169207;823111.1589863652;846387.7483211539;23276.589334788772;2279.572109332;17489.481939169207;823111.1589863652;846387.7483211539;
13-Mar-2020;23867.669644169553;2341.081535864636;17943.24651233554;833200.871963378;857068.5416075476;23867.669644169553;2341.081535864636;17943.24651233554;833200.871963378;857068.5416075476;
13-Mar-2020;24467.615752373;2404.01858798626;18404.25822062457;843033.0733120453;867500.6890644182;24467.615752373;2404.01858798626;18404.25822062457;843033.0733120453;867500.6890644182;
13-Mar-2020;25076.083465241347;2468.390083321582;18872.26621729606;852627.1291887597;877703.2126540011;25076.083465241347;2468.390083321582;18872.26621729606;852627.1291887597;877703.2126540011;
14-Mar-2020;25692.722220150452;2534.2007048503324;19347.01403094947;862001.3975699107;887694.1197900613;25692.722220150452;2534.2007048503324;19347.01403094947;862001.3975699107;887694.1197900613;
14-Mar-2020;26311.88786569422;2601.4530351692115;19828.241297929962;871180.2730995008;897492.160965195;26311.88786569422;2601.4530351692115;19828.241297929962;871180.2730995008;897492.160965195;
14-Mar-2020;26927.801440227893;2670.1476023713085;20313.191695131685;880189.8877519576;907117.6891921855;26927.801440227893;2670.1476023713085;20313.191695131685;880189.8877519576;907117.6891921855;
14-Mar-2020;27539.84940279837;2740.282936852234;20798.7493794935;889049.453299084;916589.3027018823;27539.84940279837;2740.282936852234;20798.7493794935;889049.453299084;916589.3027018823;
14-Mar-2020;28147.437428709753;2811.855637817212;21284.164030150503;897774.226739806;925921.6641685158;28147.437428709753;2811.855637817212;21284.164030150503;897774.226739806;925921.6641685158;
14-Mar-2020;28749.991708033827;2884.860447250884;21768.91946669213;906378.5343804115;935128.5260884454;28749.991708033827;2884.860447250884;21768.91946669213;906378.5343804115;935128.5260884454;
15-Mar-2020;29346.959920022644;2959.290329424723;22252.507151759568;914875.8902221494;944222.8501421721;29346.959920022644;2959.290329424723;22252.507151759568;914875.8902221494;944222.8501421721;
15-Mar-2020;29951.81457862051;3035.1365545463027;22741.867097017646;923252.9563409647;953204.7709195851;29951.81457862051;3035.1365545463027;22741.867097017646;923252.9563409647;953204.7709195851;
15-Mar-2020;30578.296343158265;3112.388783018272;23244.022447105737;931495.3708462191;962073.6671893775;30578.296343158265;3112.388783018272;23244.022447105737;931495.3708462191;962073.6671893775;
15-Mar-2020;31226.391189399263;3191.035147371819;23758.62790893221;939613.8025923324;970840.1937817317;31226.391189399263;3191.035147371819;23758.62790893221;939613.8025923324;970840.1937817317;
15-Mar-2020;31896.067848360733;3271.062333904699;24283.959374657512;947618.6453706269;979514.7132189877;31896.067848360733;3271.062333904699;24283.959374657512;947618.6453706269;979514.7132189877;
15-Mar-2020;32587.27924003972;3352.4556663148433;24815.794529865867;955524.9124896037;988112.1917296436;32587.27924003972;3352.4556663148433;24815.794529865867;955524.9124896037;988112.1917296436;
16-Mar-2020;33299.964058522266;3435.1991919187367;25351.34527997531;963342.3900976039;996642.354156126;33299.964058522266;3435.1991919187367;25351.34527997531;963342.3900976039;996642.354156126;
16-Mar-2020;34026.055147887804;3519.275769840955;25890.387573908392;971088.399658065;1005114.4548059527;34026.055147887804;3519.275769840955;25890.387573908392;971088.399658065;1005114.4548059527;
16-Mar-2020;34757.38028662422;3604.6671596808656;26432.704155540083;978779.9864549043;1013537.3667415285;34757.38028662422;3604.6671596808656;26432.704155540083;978779.9864549043;1013537.3667415285;
16-Mar-2020;35493.66572976822;3691.3541100162533;26978.084887240242;986424.0207007689;1021917.6864305373;35493.66572976822;3691.3541100162533;26978.084887240242;986424.0207007689;1021917.6864305373;
16-Mar-2020;36234.646658132595;3779.31644594855;27526.326943828066;994026.8754365564;1030261.5220946891;36234.646658132595;3779.31644594855;27526.326943828066;994026.8754365564;1030261.5220946891;
16-Mar-2020;36980.06739398588;3868.533154943957;28077.234939152426;1001594.456286716;1038574.5236807019;36980.06739398588;3868.533154943957;28077.234939152426;1001594.456286716;1038574.5236807019;
17-Mar-2020;37729.681558765464;3958.9824706458908;28630.621009168757;1009132.2300155417;1046861.9115743071;37729.681558765464;3958.9824706458908;28630.621009168757;1009132.2300155417;1046861.9115743071;
17-Mar-2020;38482.3312840046;4050.641954423364;29186.304860488835;1016646.6121131205;1055128.9433971252;38482.3312840046;4050.641954423364;29186.304860488835;1016646.6121131205;1055128.9433971252;
17-Mar-2020;39236.861450725955;4143.48857454525;29744.113802102616;1024143.6661110689;1063380.527561795;39236.861450725955;4143.48857454525;29744.113802102616;1024143.6661110689;1063380.527561795;
17-Mar-2020;39993.04143654145;4237.498782892802;30303.882745390616;1031627.7543510129;1071620.7957875545;39993.04143654145;4237.498782892802;30303.882745390616;1031627.7543510129;1071620.7957875545;
17-Mar-2020;40750.651698825306;4332.648588979341;30865.454157671404;1039102.9011020178;1079853.552800843;40750.651698825306;4332.648588979341;30865.454157671404;1039102.9011020178;1079853.552800843;
17-Mar-2020;41509.48361877453;4428.9136310723325;31428.67798658661;1046572.8150547942;1088082.2986735688;41509.48361877453;4428.9136310723325;31428.67798658661;1046572.8150547942;1088082.2986735688;
18-Mar-2020;42269.339317142134;4526.269244331094;31993.41156293105;1054040.9106224186;1096310.2499395607;42269.339317142134;4526.269244331094;31993.41156293105;1054040.9106224186;1096310.2499395607;
18-Mar-2020;43034.63153484282;4624.690525881546;32559.519471853335;1061504.501666802;1104539.1332016448;43034.63153484282;4624.690525881546;32559.519471853335;1061504.501666802;1104539.1332016448;
18-Mar-2020;43809.802423238485;4724.152396530934;33126.87335647084;1068960.5223309323;1112770.3247541708;43809.802423238485;4724.152396530934;33126.87335647084;1068960.5223309323;1112770.3247541708;
18-Mar-2020;44594.720228648395;4824.629658877724;33695.35170740323;1076411.42763497;1121006.1478636186;44594.720228648395;4824.629658877724;33695.35170740323;1076411.42763497;1121006.1478636186;
18-Mar-2020;45389.257246368266;4926.097052078987;34264.83969168728;1083859.4586668122;1129248.7159131805;45389.257246368266;4926.097052078987;34264.83969168728;1083859.4586668122;1129248.7159131805;
18-Mar-2020;46193.289969431644;5028.52930356865;34835.22898468952;1091306.6579635625;1137499.9479329942;46193.289969431644;5028.52930356865;34835.22898468952;1091306.6579635625;1137499.9479329942;
19-Mar-2020;47006.69921375647;5131.901177783076;35406.417593956205;1098754.883960335;1145761.5831740918;47006.69921375647;5131.901177783076;35406.417593956205;1098754.883960335;1145761.5831740918;
19-Mar-2020;47826.54709188085;5236.187521926789;35978.3096711845;1106208.1355676837;1154034.6826595645;47826.54709188085;5236.187521926789;35978.3096711845;1106208.1355676837;1154034.6826595645;
19-Mar-2020;48649.89455420121;5341.363308723626;36550.81529858171;1113670.2813985604;1162320.1759527614;48649.89455420121;5341.363308723626;36550.81529858171;1113670.2813985604;1162320.1759527614;
19-Mar-2020;49476.62574293784;5447.403676132282;37123.850274161174;1121142.7469292912;1170619.372672229;49476.62574293784;5447.403676132282;37123.850274161174;1121142.7469292912;1170619.372672229;
19-Mar-2020;50306.63163571436;5554.283964221681;37697.33591773172;1128626.818567372;1178933.4502030862;50306.63163571436;5554.283964221681;37697.33591773172;1128626.818567372;1178933.4502030862;
19-Mar-2020;51139.80987027708;5661.979749400928;38271.198880549004;1136123.6543953393;1187263.4642656164;51139.80987027708;5661.979749400928;38271.198880549004;1136123.6543953393;1187263.4642656164;
20-Mar-2020;51976.064563358894;5770.4668760893965;38845.370953936384;1143634.2941984204;1195610.3587617793;51976.064563358894;5770.4668760893965;38845.370953936384;1143634.2941984204;1195610.3587617793;
20-Mar-2020;52814.01496121706;5879.721485884663;39419.788866566196;1151159.894967611;1203973.909928828;52814.01496121706;5879.721485884663;39419.788866566196;1151159.894967611;1203973.909928828;
20-Mar-2020;53652.28560213947;5989.720044084307;39994.39403881096;1158701.499208602;1212353.7848107412;53652.28560213947;5989.720044084307;39994.39403881096;1158701.499208602;1212353.7848107412;
20-Mar-2020;54490.7975453819;6100.439363462392;40569.1323415018;1166259.823235957;1220750.620781339;54490.7975453819;6100.439363462392;40569.1323415018;1166259.823235957;1220750.620781339;
20-Mar-2020;55329.478049234276;6211.856625634573;41143.95390333392;1173835.4971337558;1229164.97518299;55329.478049234276;6211.856625634573;41143.95390333392;1173835.4971337558;1229164.97518299;
20-Mar-2020;56168.26031110766;6323.949400345616;41718.81293177911;1181429.071932727;1237597.3322438346;56168.26031110766;6323.949400345616;41718.81293177911;1181429.071932727;1237597.3322438346;
21-Mar-2020;57007.08321121441;6436.695662785416;42293.667536510904;1189041.0262759414;1246048.109487156;57007.08321121441;6436.695662785416;42293.667536510904;1189041.0262759414;1246048.109487156;
21-Mar-2020;57849.86834026123;6550.073808955999;42868.47952338154;1196664.7035150835;1254514.5718553448;57849.86834026123;6550.073808955999;42868.47952338154;1196664.7035150835;1254514.5718553448;
21-Mar-2020;58700.54088977449;6664.062668512402;43443.21406419117;1204293.258119307;1262993.7990090814;58700.54088977449;6664.062668512402;43443.21406419117;1204293.258119307;1262993.7990090814;
21-Mar-2020;59559.051228164164;6778.641514607655;44017.83937556597;1211926.7968086812;1271485.8480368454;59559.051228164164;6778.641514607655;44017.83937556597;1211926.7968086812;1271485.8480368454;
21-Mar-2020;60425.352710068444;6893.790071517278;44592.326535056236;1219565.378916277;1279990.7316263455;60425.352710068444;6893.790071517278;44592.326535056236;1219565.378916277;1279990.7316263455;
21-Mar-2020;61299.40161157489;7009.488520830768;45166.64933388141;1227209.020810116;1288508.422421691;61299.40161157489;7009.488520830768;45166.64933388141;1227209.020810116;1288508.422421691;
22-Mar-2020;62181.157061239515;7125.717506346184;45740.78413361277;1234857.6999771167;1297038.8570383561;62181.157061239515;7125.717506346184;45740.78413361277;1234857.6999771167;1297038.8570383561;
22-Mar-2020;63069.577262408755;7242.458137275046;46314.70948736177;1242489.5145755485;1305559.0918379573;63069.577262408755;7242.458137275046;46314.70948736177;1242489.5145755485;1305559.0918379573;
22-Mar-2020;63963.62173464838;7359.691984951923;46888.40482981988;1250082.0949740822;1314045.7167087304;63963.62173464838;7359.691984951923;46888.40482981988;1250082.0949740822;1314045.7167087304;
22-Mar-2020;64863.252851355945;7477.401069131133;47461.849234691785;1257634.7076390157;1322497.9604903716;64863.252851355945;7477.401069131133;47461.849234691785;1257634.7076390157;1322497.9604903716;
22-Mar-2020;65768.43138969365;7595.567839203668;48035.02117929803;1265146.6424719114;1330915.0738616053;65768.43138969365;7595.567839203668;48035.02117929803;1265146.6424719114;1330915.0738616053;
22-Mar-2020;66679.11652378704;7714.175155663858;48607.898555937805;1272617.21237353;1339296.328897317;66679.11652378704;7714.175155663858;48607.898555937805;1272617.21237353;1339296.328897317;
23-Mar-2020;67595.26582043365;7833.20627227381;49180.4586844503;1280045.7528218632;1347641.0186422968;67595.26582043365;7833.20627227381;49180.4586844503;1280045.7528218632;1347641.0186422968;
23-Mar-2020;68512.87328068129;7952.644818958996;49752.67835051236;1287437.9348951431;1355950.8081758243;68512.87328068129;7952.644818958996;49752.67835051236;1287437.9348951431;1355950.8081758243;
23-Mar-2020;69427.93674204763;8072.474785923299;50324.53394135747;1294799.5048240235;1364227.4415660712;69427.93674204763;8072.474785923299;50324.53394135747;1294799.5048240235;1364227.4415660712;
23-Mar-2020;70340.42056976524;8192.680509381516;50896.00157646586;1302129.936856688;1372470.3574264531;70340.42056976524;8192.680509381516;50896.00157646586;1302129.936856688;1372470.3574264531;
23-Mar-2020;71250.28899376305;8313.246658356064;51467.05713627366;1309428.720640691;1380679.009634454;71250.28899376305;8313.246658356064;51467.05713627366;1309428.720640691;1380679.009634454;
23-Mar-2020;72157.50611905665;8434.158221982752;52037.67626664711;1316695.3609497615;1388852.867068818;72157.50611905665;8434.158221982752;52037.67626664711;1316695.3609497615;1388852.867068818;
24-Mar-2020;73062.03593746405;8555.400497269815;52607.83438424067;1323929.3774175858;1396991.4133550501;73062.03593746405;8555.400497269815;52607.83438424067;1323929.3774175858;1396991.4133550501;
24-Mar-2020;73965.08449784206;8676.9590773867;53177.50672638341;1331133.2275553583;1405098.3120532003;73965.08449784206;8676.9590773867;53177.50672638341;1331133.2275553583;1405098.3120532003;
24-Mar-2020;74867.85588732897;8798.819841361248;53746.668571384704;1338309.4011969022;1413177.257084231;74867.85588732897;8798.819841361248;53746.668571384704;1338309.4011969022;1413177.257084231;
24-Mar-2020;75770.31030965666;8920.968945889406;54315.295445406664;1345457.487671798;1421227.7979814548;75770.31030965666;8920.968945889406;54315.295445406664;1345457.487671798;1421227.7979814548;
24-Mar-2020;76672.40833006603;9043.39281827106;54883.36314548582;1352577.08837245;1429249.496702516;76672.40833006603;9043.39281827106;54883.36314548582;1352577.08837245;1429249.496702516;
24-Mar-2020;77574.1108442574;9166.078149500576;55450.8477193544;1359667.8165451777;1437241.927389435;77574.1108442574;9166.078149500576;55450.8477193544;1359667.8165451777;1437241.927389435;
25-Mar-2020;78475.37905003573;9289.011887438617;56017.725447015895;1366729.2970853595;1445204.6761353952;78475.37905003573;9289.011887438617;56017.725447015895;1366729.2970853595;1445204.6761353952;
25-Mar-2020;79375.3283343028;9412.18123017671;56583.97287612184;1373766.9845125834;1453142.312846886;79375.3283343028;9412.18123017671;56583.97287612184;1373766.9845125834;1453142.312846886;
25-Mar-2020;80273.07681385474;9535.57362066448;57149.56706215717;1380786.4159925967;1461059.4928064514;80273.07681385474;9535.57362066448;57149.56706215717;1380786.4159925967;1461059.4928064514;
25-Mar-2020;81168.59196697664;9659.176743470636;57714.48579553377;1387787.3538457025;1468955.9458126794;81168.59196697664;9659.176743470636;57714.48579553377;1387787.3538457025;1468955.9458126794;
25-Mar-2020;82061.84258811269;9782.978522534087;58278.70761149237;1394769.568001081;1476831.4105891937;82061.84258811269;9782.978522534087;58278.70761149237;1394769.568001081;1476831.4105891937;
25-Mar-2020;82952.79871673182;9906.96711876734;58842.21174898617;1401732.8358513582;1484685.63456809;82952.79871673182;9906.96711876734;58842.21174898617;1401732.8358513582;1484685.63456809;
26-Mar-2020;83841.43157038404;10031.13092743801;59404.978111950804;1408676.9421095385;1492518.3736799227;83841.43157038404;10031.13092743801;59404.978111950804;1408676.9421095385;1492518.3736799227;
26-Mar-2020;84726.4350212056;10155.458575275832;59966.98719304992;1415599.1651354437;1500325.600156649;84726.4350212056;10155.458575275832;59966.98719304992;1415599.1651354437;1500325.600156649;
26-Mar-2020;85606.50720669403;10279.938916519995;60528.21984485705;1422496.7540147319;1508103.2612214258;85606.50720669403;10279.938916519995;60528.21984485705;1422496.7540147319;1508103.2612214258;
26-Mar-2020;86481.62871610704;10404.561027274915;61088.657065128755;1429369.4588792408;1515851.0875953478;86481.62871610704;10404.561027274915;61088.657065128755;1429369.4588792408;1515851.0875953478;
26-Mar-2020;87351.78067045491;10529.314199078368;61648.27995133512;1436217.037273297;1523568.817943752;87351.78067045491;10529.314199078368;61648.27995133512;1436217.037273297;1523568.817943752;
26-Mar-2020;88216.94471389391;10654.187932574527;62207.069696803854;1443039.2540245904;1531256.1987384842;88216.94471389391;10654.187932574527;62207.069696803854;1443039.2540245904;1531256.1987384842;
27-Mar-2020;89077.10300621513;10779.171931367777;62765.00758749239;1449835.8811173858;1538912.9841236009;89077.10300621513;10779.171931367777;62765.00758749239;1449835.8811173858;1538912.9841236009;
27-Mar-2020;89936.00235098517;10904.256095940256;63322.07493970732;1456597.249746072;1546533.2520970572;89936.00235098517;10904.256095940256;63322.07493970732;1456597.249746072;1546533.2520970572;
27-Mar-2020;90797.37736023722;11029.43051641913;63878.25280642733;1463313.6573390698;1554111.034699307;90797.37736023722;11029.43051641913;63878.25280642733;1463313.6573390698;1554111.034699307;
27-Mar-2020;91661.18541474603;11154.685463212258;64433.52170207946;1469984.8460197358;1561646.031434482;91661.18541474603;11154.685463212258;64433.52170207946;1469984.8460197358;1561646.031434482;
27-Mar-2020;92527.3826120916;11280.011376835228;64987.861578617136;1476610.5705314947;1569137.9531435862;92527.3826120916;11280.011376835228;64987.861578617136;1476610.5705314947;1569137.9531435862;
27-Mar-2020;93395.92380816693;11405.398858237813;65541.25186188359;1483190.5980250386;1576586.5218332056;93395.92380816693;11405.398858237813;65541.25186188359;1483190.5980250386;1576586.5218332056;
28-Mar-2020;94266.76265831219;11530.838659717421;66093.67148694058;1489724.7078509803;1583991.4705092926;94266.76265831219;11530.838659717421;66093.67148694058;1489724.7078509803;1583991.4705092926;
28-Mar-2020;95139.21433156979;11656.32167631146;66645.09889064363;1496209.355293254;1591348.5696248238;95139.21433156979;11656.32167631146;66645.09889064363;1496209.355293254;1591348.5696248238;
28-Mar-2020;96012.59486006168;11781.838936797365;67195.51184203173;1502641.0410000207;1598653.6358600822;96012.59486006168;11781.838936797365;67195.51184203173;1502641.0410000207;1598653.6358600822;
28-Mar-2020;96886.85821511295;11907.38159360634;67744.88728731935;1509019.6297459865;1605906.4879610995;96886.85821511295;11907.38159360634;67744.88728731935;1509019.6297459865;1605906.4879610995;
28-Mar-2020;97761.95677079512;12032.940912573884;68293.2013713773;1515344.9987761013;1613106.9555468964;97761.95677079512;12032.940912573884;68293.2013713773;1515344.9987761013;1613106.9555468964;
28-Mar-2020;98637.84138869168;12158.508263425307;68840.42949991305;1521617.0375867211;1620254.8789754128;98637.84138869168;12158.508263425307;68840.42949991305;1521617.0375867211;1620254.8789754128;
29-Mar-2020;99514.46150017162;12284.07511103204;69386.54639920675;1527835.6477132817;1627350.1092134533;99514.46150017162;12284.07511103204;69386.54639920675;1527835.6477132817;1627350.1092134533;
29-Mar-2020;100391.58448070768;12409.633007403307;69931.52617756942;1534001.3118743333;1634392.8963550408;100391.58448070768;12409.633007403307;69931.52617756942;1534001.3118743333;1634392.8963550408;
29-Mar-2020;101268.9772529696;12535.17358445458;70475.34240029789;1540114.5208253176;1641383.498078287;101268.9772529696;12535.17358445458;70475.34240029789;1540114.5208253176;1641383.498078287;
29-Mar-2020;102146.58713128878;12660.688547579053;71017.96816093466;1546175.2050230002;1648321.792154289;102146.58713128878;12660.688547579053;71017.96816093466;1546175.2050230002;1648321.792154289;
29-Mar-2020;103024.3604311578;12786.169669892164;71559.37613306541;1552183.3058954366;1655207.6663265943;103024.3604311578;12786.169669892164;71559.37613306541;1552183.3058954366;1655207.6663265943;
29-Mar-2020;103902.2425368327;12911.608787023453;72099.53861598796;1558138.775660408;1662041.0181972405;103902.2425368327;12911.608787023453;72099.53861598796;1558138.775660408;1662041.0181972405;
30-Mar-2020;104780.17796684055;13036.99779241602;72638.42757854328;1564041.5771474685;1668821.755114309;104780.17796684055;13036.99779241602;72638.42757854328;1564041.5771474685;1668821.755114309;
30-Mar-2020;105658.78533780517;13162.328633104991;73176.01470200498;1569891.0875956754;1675549.8729334807;105658.78533780517;13162.328633104991;73176.01470200498;1569891.0875956754;1675549.8729334807;
30-Mar-2020;106538.67915286192;13287.593305962757;73712.27142436606;1575686.6903960821;1682225.369548944;106538.67915286192;13287.593305962757;73712.27142436606;1575686.6903960821;1682225.369548944;
30-Mar-2020;107419.79485901236;13412.783854395442;74247.1689823826;1581428.375096072;1688848.1699550846;107419.79485901236;13412.783854395442;74247.1689823826;1581428.375096072;1688848.1699550846;
30-Mar-2020;108302.0670743895;13537.8923654439;74780.67844831051;1587116.1417707123;1695418.2088451018;108302.0670743895;13537.8923654439;74780.67844831051;1587116.1417707123;1695418.2088451018;
30-Mar-2020;109185.42964111634;13662.910967245736;75312.77076430402;1592750.0008504281;1701935.4304915445;109185.42964111634;13662.910967245736;75312.77076430402;1592750.0008504281;1701935.4304915445;
31-Mar-2020;110069.81567694219;13787.831826834188;75843.4167754147;1598329.9729505428;1708399.7886274853;110069.81567694219;13787.831826834188;75843.4167754147;1598329.9729505428;1708399.7886274853;
31-Mar-2020;110953.96306437804;13912.647148198068;76372.5872332528;1603854.621037012;1714808.58410139;110953.96306437804;13912.647148198068;76372.5872332528;1603854.621037012;1714808.58410139;
31-Mar-2020;111836.61565671652;14037.349170016865;76900.25269074836;1609322.5660137967;1721159.1816705132;111836.61565671652;14037.349170016865;76900.25269074836;1609322.5660137967;1721159.1816705132;
31-Mar-2020;112717.71783047478;14161.930162610133;77426.38340736946;1614733.9262788615;1727451.6441093362;112717.71783047478;14161.930162610133;77426.38340736946;1614733.9262788615;1727451.6441093362;
31-Mar-2020;113597.21333758473;14286.38242472612;77950.94937288968;1620088.8289822915;1733686.0423198761;113597.21333758473;14286.38242472612;77950.94937288968;1620088.8289822915;1733686.0423198761;
31-Mar-2020;114475.04538788718;14410.698280771418;78473.92035777698;1625387.4098569148;1739862.455244802;114475.04538788718;14410.698280771418;78473.92035777698;1625387.4098569148;1739862.455244802;
01-Apr-2020;115351.15672809101;14534.870078501723;78995.2659611893;1630629.8130518263;1745980.969779917;115351.15672809101;14534.870078501723;78995.2659611893;1630629.8130518263;1745980.969779917;
01-Apr-2020;116225.27752136365;14658.890187082985;79514.95562687077;1635813.568713567;1752038.8462349307;116225.27752136365;14658.890187082985;79514.95562687077;1635813.568713567;1752038.8462349307;
01-Apr-2020;117097.13871414609;14782.750994889946;80032.95854239714;1640936.280400775;1758033.4191149208;117097.13871414609;14782.750994889946;80032.95854239714;1640936.280400775;1758033.4191149208;
01-Apr-2020;117966.68406664237;14906.444906544546;80549.24354912389;1645998.2133619771;1763964.8974286192;117966.68406664237;14906.444906544546;80549.24354912389;1645998.2133619771;1763964.8974286192;
01-Apr-2020;118833.85671147125;15029.964339853937;81063.77917785682;1650999.6399593274;1769833.4966707989;118833.85671147125;15029.964339853937;81063.77917785682;1650999.6399593274;1769833.4966707989;
01-Apr-2020;119698.59925903534;15153.30172328171;81576.5337121532;1655940.8395001548;1775639.4387591903;119698.59925903534;15153.30172328171;81576.5337121532;1655940.8395001548;1775639.4387591903;
02-Apr-2020;120560.85389773785;15276.449493966194;82087.47524836048;1660822.0980720234;1781382.9519697612;120560.85389773785;15276.449493966194;82087.47524836048;1660822.0980720234;1781382.9519697612;
02-Apr-2020;121420.29930163937;15399.400096310275;82596.57178669896;1665647.22151579;1787067.5208174295;121420.29930163937;15399.400096310275;82596.57178669896;1665647.22151579;1787067.5208174295;
02-Apr-2020;122276.61620708148;15522.145981793517;83103.79145061542;1670419.946868624;1792696.5630757057;122276.61620708148;15522.145981793517;83103.79145061542;1670419.946868624;1792696.5630757057;
02-Apr-2020;123129.75104868965;15644.679610506842;83609.10268870356;1675140.4659545429;1798270.2170032326;123129.75104868965;15644.679610506842;83609.10268870356;1675140.4659545429;1798270.2170032326;
02-Apr-2020;123979.65089172203;15766.99345358725;84112.47432748374;1679808.9770492231;1803788.627940945;123979.65089172203;15766.99345358725;84112.47432748374;1679808.9770492231;1803788.627940945;
02-Apr-2020;124826.26345957162;15889.079995763228;84613.87558762047;1684425.6847489933;1809251.948208565;124826.26345957162;15889.079995763228;84613.87558762047;1684425.6847489933;1809251.948208565;
03-Apr-2020;125669.53715966613;16010.93173793519;85113.27609918705;1688990.7998396328;1814660.336999299;125669.53715966613;16010.93173793519;85113.27609918705;1688990.7998396328;1814660.336999299;
03-Apr-2020;126510.50152424003;16132.541199837715;85610.64594426248;1693506.1458217849;1820016.6473460249;126510.50152424003;16132.541199837715;85610.64594426248;1693506.1458217849;1820016.6473460249;
03-Apr-2020;127350.17806486055;16253.90092334666;86105.95580721994;1697973.5037763445;1825323.6818412053;127350.17806486055;16253.90092334666;86105.95580721994;1697973.5037763445;1825323.6818412053;
03-Apr-2020;128188.49995206144;16375.003476869326;86599.17711225981;1702393.0347188674;1830581.5346709287;128188.49995206144;16375.003476869326;86599.17711225981;1702393.0347188674;1830581.5346709287;
03-Apr-2020;129025.40126404527;16495.841460161035;87090.28203918447;1706764.9060664752;1835790.3073305206;129025.40126404527;16495.841460161035;87090.28203918447;1706764.9060664752;1835790.3073305206;
03-Apr-2020;129860.81697775568;16616.407508936823;87579.24351033216;1711089.2915021433;1840950.108479899;129860.81697775568;16616.407508936823;87579.24351033216;1711089.2915021433;1840950.108479899;
04-Apr-2020;130694.68296055606;16736.694299235547;88066.03517803412;1715366.370838471;1846061.053799027;130694.68296055606;16736.694299235547;88066.03517803412;1715366.370838471;1846061.053799027;
04-Apr-2020;131525.5823027855;16856.694551615212;88550.63144697262;1719600.9588367322;1851126.5411395177;131525.5823027855;16856.694551615212;88550.63144697262;1719600.9588367322;1851126.5411395177;
04-Apr-2020;132352.1118178194;16976.401035887735;89033.00762984775;1723797.831971974;1856149.9437897934;132352.1118178194;16976.401035887735;89033.00762984775;1723797.831971974;1856149.9437897934;
04-Apr-2020;133174.23621799672;17095.80657695485;89513.1400905534;1727957.1137774969;1861131.3499954937;133174.23621799672;17095.80657695485;89513.1400905534;1727957.1137774969;1861131.3499954937;
04-Apr-2020;133991.92209245736;17214.904060973866;89991.0062414188;1732078.9314515274;1866070.8535439847;133991.92209245736;17214.904060973866;89991.0062414188;1732078.9314515274;1866070.8535439847;
04-Apr-2020;134805.13783946008;17333.68644110351;90466.58450649129;1736163.4157878559;1870968.553627316;134805.13783946008;17333.68644110351;90466.58450649129;1736163.4157878559;1870968.553627316;
05-Apr-2020;135613.85360166404;17452.14674279103;90939.85428642777;1740210.7011052072;1875824.5547068713;135613.85360166404;17452.14674279103;90939.85428642777;1740210.7011052072;1875824.5547068713;
05-Apr-2020;136417.4535304642;17570.278068646676;91410.7959347955;1744222.4530553033;1880639.9065857676;136417.4535304642;17570.278068646676;91410.7959347955;1744222.4530553033;1880639.9065857676;
05-Apr-2020;137215.32939389965;17688.07360313117;91879.39077403325;1748200.3303560033;1885415.6597499028;137215.32939389965;17688.07360313117;91879.39077403325;1748200.3303560033;1885415.6597499028;
05-Apr-2020;138007.46835095985;17805.52661723942;92345.62110929276;1752144.4585252376;1890151.9268761976;138007.46835095985;17805.52661723942;92345.62110929276;1752144.4585252376;1890151.9268761976;
05-Apr-2020;138793.8593762466;17922.63047298028;92809.47020173701;1756054.9655953585;1894848.824971605;138793.8593762466;17922.63047298028;92809.47020173701;1756054.9655953585;1894848.824971605;
05-Apr-2020;139574.49318621863;18039.378627456314;93270.92223323752;1759931.9820647927;1899506.4752510113;139574.49318621863;18039.378627456314;93270.92223323752;1759931.9820647927;1899506.4752510113;
06-Apr-2020;140349.3621686774;18155.764636549786;93729.96227260791;1763775.6408485041;1904125.0030171815;140349.3621686774;18155.764636549786;93729.96227260791;1763775.6408485041;1904125.0030171815;
06-Apr-2020;141118.3339980237;18271.78215825531;94186.5762515759;1767586.9910154939;1908705.3250135176;141118.3339980237;18271.78215825531;94186.5762515759;1767586.9910154939;1908705.3250135176;
06-Apr-2020;141881.27932635535;18387.42495584953;94640.7509741207;1771367.0769234314;1913248.3562497867;141881.27932635535;18387.42495584953;94640.7509741207;1771367.0769234314;1913248.3562497867;
06-Apr-2020;142638.1981246613;18502.686901052453;95092.47412412107;1775116.026960818;1917754.2250854794;142638.1981246613;18502.686901052453;95092.47412412107;1775116.026960818;1917754.2250854794;
06-Apr-2020;143389.09194692015;18617.561977013655;95541.73423915391;1778833.9713947172;1922223.0633416374;143389.09194692015;18617.561977013655;95541.73423915391;1778833.9713947172;1922223.0633416374;
06-Apr-2020;144133.96386025666;18732.044280960195;95988.52067725472;1782521.04232923;1926655.0061894867;144133.96386025666;18732.044280960195;95988.52067725472;1782521.04232923;1926655.0061894867;
07-Apr-2020;144872.8183782188;18846.128026513026;96432.82358513204;1786177.373663122;1931050.1920413407;144872.8183782188;18846.128026513026;96432.82358513204;1786177.373663122;1931050.1920413407;
07-Apr-2020;145605.73458183376;18959.80754570797;96874.6338752522;1789803.7401202645;1935409.4747020982;145605.73458183376;18959.80754570797;96874.6338752522;1789803.7401202645;1935409.4747020982;
07-Apr-2020;146332.79211424108;19073.077290893183;97313.94323315215;1793400.9130953758;1939733.7052096168;146332.79211424108;19073.077290893183;97313.94323315215;1793400.9130953758;1939733.7052096168;
07-Apr-2020;147053.99800129587;19185.93183664244;97750.74412325044;1796969.0243298071;1944023.022331103;147053.99800129587;19185.93183664244;97750.74412325044;1796969.0243298071;1944023.022331103;
07-Apr-2020;147769.36059905714;19298.365881532784;98185.02976407734;1800508.2070057157;1948277.5676047727;147769.36059905714;19298.365881532784;98185.02976407734;1800508.2070057157;1948277.5676047727;
07-Apr-2020;148478.88953097447;19410.37424963866;98616.79409719692;1804018.595706831;1952497.4852378054;148478.88953097447;19410.37424963866;98616.79409719692;1804018.595706831;1952497.4852378054;
08-Apr-2020;149182.59562793226;19521.95189174832;99046.03175750298;1807500.3263787543;1956682.9220066867;149182.59562793226;19521.95189174832;99046.03175750298;1807500.3263787543;1956682.9220066867;
08-Apr-2020;149879.70459756049;19633.09388634093;99472.73805474205;1810955.2668966593;1960834.9714942197;149879.70459756049;19633.09388634093;99472.73805474205;1810955.2668966593;1960834.9714942197;
08-Apr-2020;150569.4527162086;19743.7954405437;99896.90899469708;1814385.2760362995;1964954.728752508;150569.4527162086;19743.7954405437;99896.90899469708;1814385.2760362995;1964954.728752508;
08-Apr-2020;151251.87315495117;19854.051891246727;100318.54129817746;1817790.4728099618;1969042.345964913;151251.87315495117;19854.051891246727;100318.54129817746;1817790.4728099618;1969042.345964913;
08-Apr-2020;151927.0002762628;19963.85870616869;100737.63237919056;1821170.9767549909;1973097.9770312537;151927.0002762628;19963.85870616869;100737.63237919056;1821170.9767549909;1973097.9770312537;
08-Apr-2020;152594.8695638132;20073.21148467017;101154.18031428031;1824526.907923617;1977121.77748743;152594.8695638132;20073.21148467017;101154.18031428031;1824526.907923617;1977121.77748743;
09-Apr-2020;153255.51755556956;20182.105958314598;101568.18381320912;1827858.3868716885;1981113.904427258;153255.51755556956;20182.105958314598;101568.18381320912;1827858.3868716885;1981113.904427258;
09-Apr-2020;153911.36447821316;20290.537991165333;101979.64217566603;1831161.6983905581;1985073.0628687714;153911.36447821316;20290.537991165333;101979.64217566603;1831161.6983905581;1985073.0628687714;
09-Apr-2020;154564.80177573056;20398.50357952623;102388.55519001762;1834433.1538032412;1988997.955578972;154564.80177573056;20398.50357952623;102388.55519001762;1834433.1538032412;1988997.955578972;
09-Apr-2020;155215.80922892535;20505.998850893564;102794.92303824432;1837672.93011145;1992888.7393403754;155215.80922892535;20505.998850893564;102794.92303824432;1837672.93011145;1992888.7393403754;
09-Apr-2020;155864.36720559487;20613.020062476444;103198.74626645434;1840881.206234139;1996745.5734397338;155864.36720559487;20613.020062476444;103198.74626645434;1840881.206234139;1996745.5734397338;
09-Apr-2020;156510.45664529898;20719.563599635963;103600.02577177846;1844058.1629224408;2000568.6195677398;156510.45664529898;20719.563599635963;103600.02577177846;1844058.1629224408;2000568.6195677398;
10-Apr-2020;157154.0590448549;20825.625974279177;103998.7627898783;1847203.9826762413;2004358.0417210963;157154.0590448549;20825.625974279177;103998.7627898783;1847203.9826762413;2004358.0417210963;
10-Apr-2020;157793.91276818782;20931.20382320629;104394.9588791259;1850319.721570503;2008113.6343386907;157793.91276818782;20931.20382320629;104394.9588791259;1850319.721570503;2008113.6343386907;
10-Apr-2020;158428.77265792858;21036.29390633777;104788.61589036521;1853406.4331490123;2011835.2058069408;158428.77265792858;21036.29390633777;104788.61589036521;1853406.4331490123;2011835.2058069408;
10-Apr-2020;159058.65364356933;21140.893104765775;105179.73593900476;1856464.290146965;2015522.9437905343;159058.65364356933;21140.893104765775;105179.73593900476;1856464.290146965;2015522.9437905343;
10-Apr-2020;159683.5710486631;21244.998418725576;105568.32139444034;1859493.4662826285;2019177.0373312915;159683.5710486631;21244.998418725576;105568.32139444034;1859493.4662826285;2019177.0373312915;
10-Apr-2020;160303.54057847496;21348.60696557812;105954.37487380077;1862494.1362028914;2022797.6767813663;160303.54057847496;21348.60696557812;105954.37487380077;1862494.1362028914;2022797.6767813663;
11-Apr-2020;160918.57830806353;21451.715977812506;106337.89923591829;1865466.475429805;2026385.0537378686;160918.57830806353;21451.715977812506;106337.89923591829;1865466.475429805;2026385.0537378686;
11-Apr-2020;161530.11684520036;21554.3228010464;106718.8975636897;1868408.1186192909;2029938.2354644912;161530.11684520036;21554.3228010464;106718.8975636897;1868408.1186192909;2029938.2354644912;
11-Apr-2020;162139.57022932128;21656.424891785682;107097.37310094638;1871316.727600537;2033456.2978298583;162139.57022932128;21656.424891785682;107097.37310094638;1871316.727600537;2033456.2978298583;
11-Apr-2020;162746.917681006;21758.019814754047;107473.32919382393;1874192.5297889628;2036939.4474699688;162746.917681006;21758.019814754047;107473.32919382393;1874192.5297889628;2036939.4474699688;
11-Apr-2020;163352.13862537275;21859.10524006093;107846.76928251573;1877035.7539775057;2040387.8926028784;163352.13862537275;21859.10524006093;107846.76928251573;1877035.7539775057;2040387.8926028784;
11-Apr-2020;163955.21270012212;21959.678940469064;108217.69690501968;1879846.63025111;2043801.842951232;163955.21270012212;21959.678940469064;108217.69690501968;1879846.63025111;2043801.842951232;
12-Apr-2020;164556.11976329732;22059.738788778963;108586.11570065143;1882625.3899032162;2047181.5096665134;164556.11976329732;22059.738788778963;108586.11570065143;1882625.3899032162;2047181.5096665134;
12-Apr-2020;165153.69914596222;22159.282755282165;108952.02939145065;1885371.324962499;2050525.0241084613;165153.69914596222;22159.282755282165;108952.02939145065;1885371.324962499;2050525.0241084613;
12-Apr-2020;165746.80584198248;22258.30890483597;109315.44167931723;1888083.7603025998;2053830.5661445821;165746.80584198248;22258.30890483597;109315.44167931723;1888083.7603025998;2053830.5661445821;
12-Apr-2020;166335.4510393131;22356.815393210334;109676.35615228054;1890762.9698766996;2057098.4209160127;166335.4510393131;22356.815393210334;109676.35615228054;1890762.9698766996;2057098.4209160127;
12-Apr-2020;166919.64572852026;22454.80046320627;110034.77628431353;1893409.2280610062;2060328.8737895265;166919.64572852026;22454.80046320627;110034.77628431353;1893409.2280610062;2060328.8737895265;
12-Apr-2020;167499.40073800745;22552.262441025352;110390.70545666023;1896022.8095755638;2063522.2103135712;167499.40073800745;22552.262441025352;110390.70545666023;1896022.8095755638;2063522.2103135712;
13-Apr-2020;168074.72676715377;22649.199732914243;110744.14697795043;1898603.9894079233;2066678.716175077;168074.72676715377;22649.199732914243;110744.14697795043;1898603.9894079233;2066678.716175077;
13-Apr-2020;168644.75669930357;22745.610822024802;111095.10408185846;1901151.895672987;2069796.6523722906;168644.75669930357;22745.610822024802;111095.10408185846;1901151.895672987;2069796.6523722906;
13-Apr-2020;169208.63559482526;22841.49426504314;111443.57984204125;1903665.7026144764;2072874.3382093017;169208.63559482526;22841.49426504314;111443.57984204125;1903665.7026144764;2072874.3382093017;
13-Apr-2020;169766.39823051414;22936.848688239417;111789.57709562064;1906145.7476390584;2075912.1458695724;169766.39823051414;22936.848688239417;111789.57709562064;1906145.7476390584;2075912.1458695724;
13-Apr-2020;170318.07897398277;23031.672783417314;112133.09845721479;1908592.3671598597;2078910.4461338425;170318.07897398277;23031.672783417314;112133.09845721479;1908592.3671598597;2078910.4461338425;
13-Apr-2020;170863.71184371656;23125.96530422085;112474.1463530885;1911005.8965250652;2081869.6083687819;170863.71184371656;23125.96530422085;112474.1463530885;1911005.8965250652;2081869.6083687819;
14-Apr-2020;171403.33056488846;23219.725062811733;112812.72305329486;1913386.6699508042;2084790.0005156926;171403.33056488846;23219.725062811733;112812.72305329486;1913386.6699508042;2084790.0005156926;
14-Apr-2020;171938.0823307339;23312.950926900885;113148.83070730246;1915734.4200784876;2087672.5024092216;171938.0823307339;23312.950926900885;113148.83070730246;1915734.4200784876;2087672.5024092216;
14-Apr-2020;172469.09778842455;23405.641817217464;113482.47139840633;1918048.8739947008;2090517.9717831253;172469.09778842455;23405.641817217464;113482.47139840633;1918048.8739947008;2090517.9717831253;
14-Apr-2020;172996.37743909427;23497.796705474484;113813.64719371624;1920330.3644094039;2093326.7418484981;172996.37743909427;23497.796705474484;113813.64719371624;1920330.3644094039;2093326.7418484981;
14-Apr-2020;173519.9218013472;23589.414612681692;114142.36016910752;1922579.2233196793;2096099.1451210266;173519.9218013472;23589.414612681692;114142.36016910752;1922579.2233196793;2096099.1451210266;
14-Apr-2020;174039.73144003152;23680.494607664506;114468.6124272682;1924795.781948302;2098835.5133883334;174039.73144003152;23680.494607664506;114468.6124272682;1924795.781948302;2098835.5133883334;
15-Apr-2020;174555.80699317745;23771.035805762865;114792.40611456233;1926980.370684518;2101536.1776776956;174555.80699317745;23771.035805762865;114792.40611456233;1926980.370684518;2101536.1776776956;
15-Apr-2020;175068.9711508611;23861.03736770658;115113.74344249112;1929133.0414131144;2104202.0125639755;175068.9711508611;23861.03736770658;115113.74344249112;1929133.0414131144;2104202.0125639755;
15-Apr-2020;175580.0341819023;23950.49849876878;115432.62672996586;1931253.8380557932;2106833.8722376954;175580.0341819023;23950.49849876878;115432.62672996586;1931253.8380557932;2106833.8722376954;
15-Apr-2020;176088.972070574;24039.41844827308;115749.05844181044;1933343.0843391675;2109432.0564097413;176088.972070574;24039.41844827308;115749.05844181044;1933343.0843391675;2109432.0564097413;
15-Apr-2020;176595.76109949005;24127.796509308482;116063.04120156274;1935401.1034541752;2111996.8645536653;176595.76109949005;24127.796509308482;116063.04120156274;1935401.1034541752;2111996.8645536653;
15-Apr-2020;177100.37786329567;24215.63201851346;116374.5777976929;1937428.2179948408;2114528.5958581367;177100.37786329567;24215.63201851346;116374.5777976929;1937428.2179948408;2114528.5958581367;
16-Apr-2020;177602.79928162132;24302.92435591185;116683.67118925914;1939424.7498985154;2117027.549180137;177602.79928162132;24302.92435591185;116683.67118925914;1939424.7498985154;2117027.549180137;
16-Apr-2020;178101.26607488142;24389.672944816037;116990.32452205743;1941393.8063009784;2119495.0723758596;178101.26607488142;24389.672944816037;116990.32452205743;1941393.8063009784;2119495.0723758596;
16-Apr-2020;178594.04710554454;24475.87725201513;117294.54118669793;1943338.446380067;2121932.4934856114;178594.04710554454;24475.87725201513;117294.54118669793;1943338.446380067;2121932.4934856114;
16-Apr-2020;179081.17595970005;24561.53678841746;117596.32487166027;1945258.9049208986;2124340.0808805986;179081.17595970005;24561.53678841746;117596.32487166027;1945258.9049208986;2124340.0808805986;
16-Apr-2020;179562.68664855015;24646.651109889495;117895.67956872047;1947155.4156158818;2126718.102264432;179562.68664855015;24646.651109889495;117895.67956872047;1947155.4156158818;2126718.102264432;
16-Apr-2020;180038.61359190772;24731.219818042824;118192.60956694713;1949028.2110526292;2129066.8246445367;180038.61359190772;24731.219818042824;118192.60956694713;1949028.2110526292;2129066.8246445367;
17-Apr-2020;180508.99160192197;24815.24256095024;118487.11944673349;1950877.5227019629;2131386.5143038845;180508.99160192197;24815.24256095024;118487.11944673349;1950877.5227019629;2131386.5143038845;
17-Apr-2020;180974.7834632415;24898.719033800455;118779.21407738987;1952702.9880469413;2133677.771510183;180974.7834632415;24898.719033800455;118779.21407738987;1952702.9880469413;2133677.771510183;
17-Apr-2020;181436.93699975839;24981.648979564856;119068.89862823256;1954504.246461315;2135941.183461074;181436.93699975839;24981.648979564856;119068.89862823256;1954504.246461315;2135941.183461074;
17-Apr-2020;181895.4575460168;25064.03218973313;119356.17857801681;1956281.5384737097;2138176.9960197266;181895.4575460168;25064.03218973313;119356.17857801681;1956281.5384737097;2138176.9960197266;
17-Apr-2020;182350.35093314154;25145.86850503778;119641.05970920465;1958035.1037453236;2140385.454678465;182350.35093314154;25145.86850503778;119641.05970920465;1958035.1037453236;2140385.454678465;
17-Apr-2020;182801.62347506636;25227.157816091625;119923.5480988062;1959765.1810436025;2142566.804518669;182801.62347506636;25227.157816091625;119923.5480988062;1959765.1810436025;2142566.804518669;
18-Apr-2020;183249.2819551314;25307.90006393643;120203.65010947197;1961472.0082163652;2144721.2901714966;183249.2819551314;25307.90006393643;120203.65010947197;1961472.0082163652;2144721.2901714966;
18-Apr-2020;183692.13137945184;25388.09524052439;120481.3723895967;1963157.8588701207;2146849.990249573;183692.13137945184;25388.09524052439;120481.3723895967;1963157.8588701207;2146849.990249573;
18-Apr-2020;184128.99788028246;25467.743389314524;120756.72190742617;1964824.9712864372;2148953.9691667194;184128.99788028246;25467.743389314524;120756.72190742617;1964824.9712864372;2148953.9691667194;
18-Apr-2020;184559.9309160564;25546.84460612733;121029.70598185556;1966473.5184253112;2151033.4493413675;184559.9309160564;25546.84460612733;121029.70598185556;1966473.5184253112;2151033.4493413675;
18-Apr-2020;184984.98031046914;25625.399040061122;121300.33227598973;1968103.6721256287;2153088.652436098;184984.98031046914;25625.399040061122;121300.33227598973;1968103.6721256287;2153088.652436098;
18-Apr-2020;185404.19621808216;25703.406894279993;121568.60878216977;1969715.6031152145;2155119.7993332967;185404.19621808216;25703.406894279993;121568.60878216977;1969715.6031152145;2155119.7993332967;
19-Apr-2020;185817.62909138345;25780.86842666535;121834.5438075522;1971309.4810200473;2157127.1101114308;185817.62909138345;25780.86842666535;121834.5438075522;1971309.4810200473;2157127.1101114308;
19-Apr-2020;186228.11143000278;25857.783950541903;122098.14606430152;1972892.6059821416;2159120.7174121444;186228.11143000278;25857.783950541903;122098.14606430152;1972892.6059821416;2159120.7174121444;
19-Apr-2020;186638.42776807427;25934.153837596943;122359.4251634901;1974472.3160869898;2161110.743855064;186638.42776807427;25934.153837596943;122359.4251634901;1974472.3160869898;2161110.743855064;
19-Apr-2020;187048.5341004571;26009.978524687533;122618.39207401265;1976048.8627335404;2163097.3968339977;187048.5341004571;26009.978524687533;122618.39207401265;1976048.8627335404;2163097.3968339977;
19-Apr-2020;187458.38905550234;26085.258522204724;122875.05914187363;1977622.498690275;2165080.887745777;187458.38905550234;26085.258522204724;122875.05914187363;1977622.498690275;2165080.887745777;
19-Apr-2020;187867.95383280478;26159.994421711424;123129.44000632032;1979193.4781864488;2167061.4320192537;187867.95383280478;26159.994421711424;123129.44000632032;1979193.4781864488;2167061.4320192537;
20-Apr-2020;188277.19214215918;26234.186902714242;123381.54952013081;1980762.0570151762;2169039.2491573356;188277.19214215918;26234.186902714242;123381.54952013081;1980762.0570151762;2169039.2491573356;
20-Apr-2020;188687.06435269336;26307.836738851733;123631.40378879495;1982338.4776905978;2171025.542043291;188687.06435269336;26307.836738851733;123631.40378879495;1982338.4776905978;2171025.542043291;
20-Apr-2020;189098.51655361702;26380.944805906063;123879.02066733016;1983933.54791845;2173032.064472067;189098.51655361702;26380.944805906063;123879.02066733016;1983933.54791845;2173032.064472067;
20-Apr-2020;189511.48768541767;26453.512093682613;124124.42024529811;1985548.42240535;2175059.910090768;189511.48768541767;26453.512093682613;124124.42024529811;1985548.42240535;2175059.910090768;
20-Apr-2020;189925.921807623;26525.539719390857;124367.62486660393;1987184.3140874205;2177110.2358950437;189925.921807623;26525.539719390857;124367.62486660393;1987184.3140874205;2177110.2358950437;
20-Apr-2020;190341.76813645192;26597.028940099517;124608.65904047528;1988842.4991706077;2179184.2673070594;190341.76813645192;26597.028940099517;124608.65904047528;1988842.4991706077;2179184.2673070594;
21-Apr-2020;190758.98108633605;26667.981164142002;124847.54936006157;1990524.3227361764;2181283.3038225123;190758.98108633605;26667.981164142002;124847.54936006157;1990524.3227361764;2181283.3038225123;
21-Apr-2020;191174.8961361937;26738.397961345327;125084.32431629549;1992223.087948396;2183397.98408459;191174.8961361937;26738.397961345327;125084.32431629549;1992223.087948396;2183397.98408459;
21-Apr-2020;191586.89894588574;26808.28106986696;125319.01367324735;1993931.4385631303;2185518.337509016;191586.89894588574;26808.28106986696;125319.01367324735;1993931.4385631303;2185518.337509016;
21-Apr-2020;191995.04732073794;26877.632397740334;125551.64785912032;1995649.7704324804;2187644.817753218;191995.04732073794;26877.632397740334;125551.64785912032;1995649.7704324804;2187644.817753218;
21-Apr-2020;192399.39987281134;26946.454021522986;125782.2578173804;1997378.4907574682;2189777.8906302797;192399.39987281134;26946.454021522986;125782.2578173804;1997378.4907574682;2189777.8906302797;
21-Apr-2020;192800.01596063405;27014.748184524295;126010.87497361042;1999118.0188603397;2191918.034820974;192800.01596063405;27014.748184524295;126010.87497361042;1999118.0188603397;2191918.034820974;
22-Apr-2020;193196.95563326025;27082.51729485076;126237.53120473436;2000868.7870029947;2194065.742636255;193196.95563326025;27082.51729485076;126237.53120473436;2000868.7870029947;2194065.742636255;
22-Apr-2020;193591.0576573627;27149.763923028775;126462.25867493224;2002617.5312302685;2196208.588887631;193591.0576573627;27149.763923028775;126462.25867493224;2002617.5312302685;2196208.588887631;
22-Apr-2020;193983.14690383658;27216.49079646745;126685.0891445244;2004350.7767185653;2198333.923622402;193983.14690383658;27216.49079646745;126685.0891445244;2004350.7767185653;2198333.923622402;
22-Apr-2020;194373.25520533722;27282.700788526436;126906.05331663399;2006068.6565885928;2200441.91179393;194373.25520533722;27282.700788526436;126906.05331663399;2006068.6565885928;2200441.91179393;
22-Apr-2020;194761.412914243;27348.396905182683;127125.18075206755;2007771.304161548;2202532.7170757907;194761.412914243;27348.396905182683;127125.18075206755;2007771.304161548;2202532.7170757907;
22-Apr-2020;195147.64896750046;27413.58227227875;127342.49992096206;2009458.852887204;2204606.5018547047;195147.64896750046;27413.58227227875;127342.49992096206;2009458.852887204;2204606.5018547047;
23-Apr-2020;195531.99094907526;27478.260123569642;127558.03825223539;2011131.4362756945;2206663.4272247697;195531.99094907526;27478.260123569642;127558.03825223539;2011131.4362756945;2206663.4272247697;
23-Apr-2020;195914.26553015196;27542.433789541494;127771.82218898175;2012790.1543665193;2208704.419896671;195914.26553015196;27542.433789541494;127771.82218898175;2012790.1543665193;2208704.419896671;
23-Apr-2020;196294.30145050253;27606.10668712488;127983.8772729744;2014436.0986905997;2210730.4001411023;196294.30145050253;27606.10668712488;127983.8772729744;2014436.0986905997;2210730.4001411023;
23-Apr-2020;196672.12920649262;27669.282310393897;128194.2282242892;2016069.388290294;2212741.5174967865;196672.12920649262;27669.282310393897;128194.2282242892;2016069.388290294;2212741.5174967865;
23-Apr-2020;197047.77819194557;27731.964222032148;128402.89898486827;2017690.1420848616;2214737.9202768067;197047.77819194557;27731.964222032148;128402.89898486827;2017690.1420848616;2214737.9202768067;
23-Apr-2020;197421.27674650104;27794.156045353262;128609.91275226111;2019298.4788257943;2216719.7555722953;197421.27674650104;27794.156045353262;128609.91275226111;2019298.4788257943;2216719.7555722953;
24-Apr-2020;197792.65220207078;27855.86145683161;128815.29201193816;2020894.5170546458;2218687.1692567165;197792.65220207078;27855.86145683161;128815.29201193816;2020894.5170546458;2218687.1692567165;
24-Apr-2020;198162.30392499297;27917.084179126734;129019.05857376414;2022478.5286706076;2220640.8325956003;198162.30392499297;27917.084179126734;129019.05857376414;2022478.5286706076;2220640.8325956003;
24-Apr-2020;198530.6246094111;27977.827974687574;129221.23362853994;2024050.7880315913;2222581.4126410023;198530.6246094111;27977.827974687574;129221.23362853994;2024050.7880315913;2222581.4126410023;
24-Apr-2020;198897.62748897605;28038.09664000089;129421.83780129066;2025611.419836072;2224509.0473250477;198897.62748897605;28038.09664000089;129421.83780129066;2025611.419836072;2224509.0473250477;
24-Apr-2020;199263.32528675694;28097.89400033541;129620.8911798862;2027160.5483501086;2226423.8736368655;199263.32528675694;28097.89400033541;129620.8911798862;2027160.5483501086;2226423.8736368655;
24-Apr-2020;199627.73023920498;28157.223904837498;129818.41333699528;2028698.2973872703;2228326.0276264753;199627.73023920498;28157.223904837498;129818.41333699528;2028698.2973872703;2228326.0276264753;
25-Apr-2020;199990.8541192808;28216.090221949456;130014.42335113196;2030224.7902899585;2230215.644409239;199990.8541192808;28216.090221949456;130014.42335113196;2030224.7902899585;2230215.644409239;
25-Apr-2020;200349.17976158063;28274.49683517665;130208.93984921627;2031745.8111621132;2232094.990923694;200349.17976158063;28274.49683517665;130208.93984921627;2031745.8111621132;2232094.990923694;
25-Apr-2020;200699.2432223995;28332.447639641505;130401.98113516995;2033267.0978388658;2233966.341061265;200699.2432223995;28332.447639641505;130401.98113516995;2033267.0978388658;2233966.341061265;
25-Apr-2020;201041.16155056632;28389.946539773708;130593.56531047377;2034788.6770889452;2235829.8386395113;201041.16155056632;28389.946539773708;130593.56531047377;2034788.6770889452;2235829.8386395113;
25-Apr-2020;201375.04992417214;28446.997447621154;130783.7102995082;2036310.5762244696;2237685.626148642;201375.04992417214;28446.997447621154;130783.7102995082;2036310.5762244696;2237685.626148642;
25-Apr-2020;201701.0216747437;28503.604281275155;130972.43385176876;2037832.8231234103;2239533.844798154;201701.0216747437;28503.604281275155;130972.43385176876;2037832.8231234103;2239533.844798154;
26-Apr-2020;202019.1883110229;28559.770963363786;131159.7535440367;2039355.4462520536;2241374.634563077;202019.1883110229;28559.770963363786;131159.7535440367;2039355.4462520536;2241374.634563077;
26-Apr-2020;202332.65219784618;28615.50141927967;131345.68661216862;2040859.2886248368;2243191.9408226833;202332.65219784618;28615.50141927967;131345.68661216862;2040859.2886248368;2243191.9408226833;
26-Apr-2020;202644.46827626711;28670.799571703574;131530.2491306495;2042325.7416634362;2244970.2099397033;202644.46827626711;28670.799571703574;131530.2491306495;2042325.7416634362;2244970.2099397033;
26-Apr-2020;202954.65069326956;28725.669328773136;131713.45527033924;2043755.6637693027;2246710.3144625723;202954.65069326956;28725.669328773136;131713.45527033924;2043755.6637693027;2246710.3144625723;
26-Apr-2020;203263.21050292562;28780.114569854988;131895.3172891063;2045149.8929824976;2248413.1034854227;203263.21050292562;28780.114569854988;131895.3172891063;2045149.8929824976;2248413.1034854227;
26-Apr-2020;203570.1559085566;28834.139132690856;132075.84569041975;2046509.2474756099;2250079.403384167;203570.1559085566;28834.139132690856;132075.84569041975;2046509.2474756099;2250079.403384167;
27-Apr-2020;203875.4924916081;28887.746802123;132255.04937247254;2047834.5260428926;2251710.0185345;203875.4924916081;28887.746802123;132255.04937247254;2047834.5260428926;2251710.0185345;
27-Apr-2020;204179.04831094024;28940.941300023158;132432.9356373591;2049114.289645146;2253293.3379560863;204179.04831094024;28940.941300023158;132432.9356373591;2049114.289645146;2253293.3379560863;
27-Apr-2020;204480.65052499072;28993.726273702767;132609.50970410276;2050338.3345152112;2254818.985040202;204480.65052499072;28993.726273702767;132609.50970410276;2050338.3345152112;2254818.985040202;
27-Apr-2020;204780.2995656044;29046.10528086059;132784.7743087622;2051509.1803131031;2256289.479878708;204780.2995656044;29046.10528086059;132784.7743087622;2051509.1803131031;2256289.479878708;
27-Apr-2020;205077.99192805716;29098.081774233706;132958.7298792492;2052629.2008488069;2257707.1927768644;205077.99192805716;29098.081774233706;132958.7298792492;2052629.2008488069;2257707.1927768644;
27-Apr-2020;205373.72065102923;29149.659088769436;133131.3748242586;2053700.6350623807;2259074.35571341;205373.72065102923;29149.659088769436;133131.3748242586;2053700.6350623807;2259074.35571341;
28-Apr-2020;205667.47575704445;29200.8404312996;133302.70579777664;2054725.5969957772;2260393.0727528217;205667.47575704445;29200.8404312996;133302.70579777664;2054725.5969957772;2260393.0727528217;
28-Apr-2020;205959.5899456553;29251.62887261655;133472.71802238838;2055713.4378152457;2261673.0277609015;205959.5899456553;29251.62887261655;133472.71802238838;2055713.4378152457;2261673.0277609015;
28-Apr-2020;206250.38906506353;29302.02734333524;133641.4058949536;2056672.6472034338;2262923.036268498;206250.38906506353;29302.02734333524;133641.4058949536;2056672.6472034338;2262923.036268498;
28-Apr-2020;206539.84782846778;29352.038634470788;133808.7635148005;2057603.9468187168;2264143.7946471847;206539.84782846778;29352.038634470788;133808.7635148005;2057603.9468187168;2264143.7946471847;
28-Apr-2020;206827.94059085075;29401.66540051061;133974.78483286008;2058508.0392681311;2265335.9798589824;206827.94059085075;29401.66540051061;133974.78483286008;2058508.0392681311;2265335.9798589824;
28-Apr-2020;207114.64144491055;29450.910162991928;134139.4637087135;2059385.6087363677;2266500.250181278;207114.64144491055;29450.910162991928;134139.4637087135;2059385.6087363677;2266500.250181278;
29-Apr-2020;207399.92431060603;29499.775314373972;134302.79396305268;2060237.3215893274;2267637.245899934;207399.92431060603;29499.775314373972;134302.79396305268;2060237.3215893274;2267637.245899934;
29-Apr-2020;207681.4018679261;29548.263122311153;134464.769502688;2061073.488461739;2268754.890329665;207681.4018679261;29548.263122311153;134464.769502688;2061073.488461739;2268754.890329665;
29-Apr-2020;207956.7274764419;29596.375735834186;134625.38473422237;2061904.0370999607;2269860.764576403;207956.7274764419;29596.375735834186;134625.38473422237;2061904.0370999607;2269860.764576403;
29-Apr-2020;208225.95731210292;29644.115194574813;134784.63493454104;2062729.024472929;2270954.981785032;208225.95731210292;29644.115194574813;134784.63493454104;2062729.024472929;2270954.981785032;
29-Apr-2020;208489.14939224228;29691.483439186693;134942.51628451882;2063548.5047573275;2272037.65414957;208489.14939224228;29691.483439186693;134942.51628451882;2063548.5047573275;2272037.65414957;
29-Apr-2020;208746.36341627105;29738.48232122507;135099.02582398412;2064362.5295064566;2273108.8929227274;208746.36341627105;29738.48232122507;135099.02582398412;2064362.5295064566;2273108.8929227274;
30-Apr-2020;208997.660614725;29785.113612370584;135254.16140856053;2065171.1478104515;2274168.8084251764;208997.660614725;29785.113612370584;135254.16140856053;2065171.1478104515;2274168.8084251764;
30-Apr-2020;209244.44168217425;29831.379013015547;135407.92165951585;2065972.231411173;2275216.673093347;209244.44168217425;29831.379013015547;135407.92165951585;2065972.231411173;2275216.673093347;
30-Apr-2020;209488.084425488;29877.280160068403;135560.30588149562;2066763.689296174;2276251.773721662;209488.084425488;29877.280160068403;135560.30588149562;2066763.689296174;2276251.773721662;
30-Apr-2020;209728.60549522657;29922.81863386924;135711.3139855298;2067545.6352744075;2277274.240769634;209728.60549522657;29922.81863386924;135711.3139855298;2067545.6352744075;2277274.240769634;
30-Apr-2020;209966.02244579038;29967.995964448648;135860.94645124685;2068318.1813143676;2278284.2037601583;209966.02244579038;29967.995964448648;135860.94645124685;2068318.1813143676;2278284.2037601583;
30-Apr-2020;210200.35367808852;30012.813637353454;136009.20429938243;2069081.4376075512;2279281.79128564;210200.35367808852;30012.813637353454;136009.20429938243;2069081.4376075512;2279281.79128564;
01-May-2020;210431.61838479;30057.273099078706;136156.0890653958;2069835.5126288019;2280267.131013592;210431.61838479;30057.273099078706;136156.0890653958;2069835.5126288019;2280267.131013592;
01-May-2020;210659.24102214098;30101.375762121006;136301.6027710827;2070580.8169219538;2281240.0579440948;210659.24102214098;30101.375762121006;136301.6027710827;2070580.8169219538;2281240.0579440948;
01-May-2020;210882.65795117867;30145.123009611398;136445.74788546687;2071317.7575808312;2282200.4155320097;210882.65795117867;30145.123009611398;136445.74788546687;2071317.7575808312;2282200.4155320097;
01-May-2020;211101.91280281136;30188.516199499303;136588.5272881016;2072046.4297351665;2283148.3425379777;211101.91280281136;30188.516199499303;136588.5272881016;2072046.4297351665;2283148.3425379777;
01-May-2020;211317.0496745117;30231.556668377143;136729.94424653848;2072766.9268577502;2284083.976532262;211317.0496745117;30231.556668377143;136729.94424653848;2072766.9268577502;2284083.976532262;
01-May-2020;211528.1130800731;30274.245735031065;136870.00239774107;2073479.3408249763;2285007.4539050497;211528.1130800731;30274.245735031065;136870.00239774107;2073479.3408249763;2285007.4539050497;
02-May-2020;211735.1479017589;30316.584703738034;137008.70573020977;2074183.761974507;2285918.9098762656;211735.1479017589;30316.584703738034;137008.70573020977;2074183.761974507;2285918.9098762656;
02-May-2020;211941.16410228386;30358.574867298525;137146.05855426632;2074876.1233593468;2286817.2874616305;211941.16410228386;30358.574867298525;137146.05855426632;2074876.1233593468;2286817.2874616305;
02-May-2020;212149.11352696278;30400.21750956483;137282.06542496657;2075552.447223393;2287701.5607503555;212149.11352696278;30400.21750956483;137282.06542496657;2075552.447223393;2287701.5607503555;
02-May-2020;212358.9253235836;30441.513907281547;137416.73107121946;2076212.9842642464;2288571.9095878303;212358.9253235836;30441.513907281547;137416.73107121946;2076212.9842642464;2288571.9095878303;
02-May-2020;212570.5293019697;30482.465331540243;137550.060379337;2076857.983030442;2289428.5123324115;212570.5293019697;30482.465331540243;137550.060379337;2076857.983030442;2289428.5123324115;
02-May-2020;212783.85594673915;30523.07304913698;137682.05838960892;2077487.689908515;2290271.545855254;212783.85594673915;30523.07304913698;137682.05838960892;2077487.689908515;2290271.545855254;
03-May-2020;212998.83642951373;30563.33832385943;137812.7302928457;2078102.3491106688;2291101.1855401825;212998.83642951373;30563.33832385943;137812.7302928457;2078102.3491106688;2291101.1855401825;
03-May-2020;213212.32877433917;30603.262417736278;137942.08144267762;2078706.7773597653;2291919.106134104;213212.32877433917;30603.262417736278;137942.08144267762;2078706.7773597653;2291919.106134104;
03-May-2020;213421.25456383836;30642.846592569833;138070.11742838484;2079305.6876853548;2292726.942249193;213421.25456383836;30642.846592569833;138070.11742838484;2079305.6876853548;2292726.942249193;
03-May-2020;213625.6725197029;30682.09211200086;138196.84414077346;2079899.1345751353;2293524.807094838;213625.6725197029;30682.09211200086;138196.84414077346;2079899.1345751353;2293524.807094838;
03-May-2020;213825.64151070453;30721.000243742572;138322.267770279;2080487.171241124;2294312.812751828;213825.64151070453;30721.000243742572;138322.267770279;2080487.171241124;2294312.812751828;
03-May-2020;214021.2205025666;30759.572261636113;138446.39478938736;2081069.8496816112;2295091.0701841777;214021.2205025666;30759.572261636113;138446.39478938736;2081069.8496816112;2295091.0701841777;
04-May-2020;214212.46851063002;30797.809447509113;138569.23193579417;2081647.2207400308;2295859.689250661;214212.46851063002;30797.809447509113;138569.23193579417;2081647.2207400308;2295859.689250661;
04-May-2020;214400.14233742357;30835.71310662947;138690.7932848638;2082781.6569746097;2297181.799312033;214400.14233742357;30835.71310662947;138690.7932848638;2082781.6569746097;2297181.799312033;
04-May-2020;214585.01568781753;30873.284686666226;138811.1136928381;2084024.9965950942;2298610.0122829117;214585.01568781753;30873.284686666226;138811.1136928381;2084024.9965950942;2298610.0122829117;
04-May-2020;214767.17918975477;30910.525911304434;138930.2404920186;2085264.6083758338;2300031.7875655885;214767.17918975477;30910.525911304434;138930.2404920186;2085264.6083758338;2300031.7875655885;
04-May-2020;214946.7191604599;30947.43879615245;139048.21886813623;2086500.4849464062;2301447.204106866;214946.7191604599;30947.43879615245;139048.21886813623;2086500.4849464062;2301447.204106866;
04-May-2020;215123.71780636755;30984.025623117162;139165.09195068656;2087732.6225300683;2302856.340336436;215123.71780636755;30984.025623117162;139165.09195068656;2087732.6225300683;2302856.340336436;
05-May-2020;215298.25341837032;31020.288916532405;139280.90090235646;2088961.0206958544;2304259.2741142246;215298.25341837032;31020.288916532405;139280.90090235646;2088961.0206958544;2304259.2741142246;
05-May-2020;215470.8649344129;31056.231420708405;139395.68499396864;2090184.183877381;2305655.0488117943;215470.8649344129;31056.231420708405;139395.68499396864;2090184.183877381;2305655.0488117943;
05-May-2020;215642.07976993747;31091.856078608158;139509.48163395005;2091400.6329779911;2307042.7127479287;215642.07976993747;31091.856078608158;139509.48163395005;2091400.6329779911;2307042.7127479287;
05-May-2020;215811.94994751;31127.166011405217;139622.32639834515;2092610.40029676;2308422.3502442697;215811.94994751;31127.166011405217;139622.32639834515;2092610.40029676;2308422.3502442697;
05-May-2020;215980.52492238922;31162.164499101003;139734.25310365867;2093813.5199784886;2309794.044900878;215980.52492238922;31162.164499101003;139734.25310365867;2093813.5199784886;2309794.044900878;
05-May-2020;216147.85169847702;31196.85496237676;139845.29388742446;2095010.0278683435;2311157.879566821;216147.85169847702;31196.85496237676;139845.29388742446;2095010.0278683435;2311157.879566821;
06-May-2020;216313.97493949955;31231.240945634272;139955.4792854032;2096199.9613740824;2312513.9363135817;216313.97493949955;31231.240945634272;139955.4792854032;2096199.9613740824;2312513.9363135817;
06-May-2020;216479.44023777952;31265.326101140374;140064.83829468986;2097381.823372206;2313861.263609986;216479.44023777952;31265.326101140374;140064.83829468986;2097381.823372206;2313861.263609986;
06-May-2020;216644.78370236818;31299.11417399483;140173.39839183821;2098554.136815619;2315198.920517987;216644.78370236818;31299.11417399483;140173.39839183821;2098554.136815619;2315198.920517987;
06-May-2020;216810.02915455733;31332.608987690208;140281.1855521303;2099716.9744525445;2316527.0036071017;216810.02915455733;31332.608987690208;140281.1855521303;2099716.9744525445;2316527.0036071017;
06-May-2020;216975.19897594958;31365.814430455543;140388.22431214503;2100870.4093880095;2317845.608363959;216975.19897594958;31365.814430455543;140388.22431214503;2100870.4093880095;2317845.608363959;
06-May-2020;217140.31416049323;31398.734442570767;140494.5378403647;2102014.5150082866;2319154.82916878;217140.31416049323;31398.734442570767;140494.5378403647;2102014.5150082866;2319154.82916878;
07-May-2020;217305.39436523328;31431.37300461692;140600.14800469895;2103149.3649099725;2320454.759275206;217305.39436523328;31431.37300461692;140600.14800469895;2103149.3649099725;2320454.759275206;
07-May-2020;217468.74510078682;31463.73412662271;140705.0754442936;2104277.435626867;2321746.180727654;217468.74510078682;31463.73412662271;140705.0754442936;2104277.435626867;2321746.180727654;
07-May-2020;217628.69211835304;31495.821838203712;140809.33966653497;2105401.1798563804;2323029.8719747337;217628.69211835304;31495.821838203712;140809.33966653497;2105401.1798563804;2323029.8719747337;
07-May-2020;217785.2934982511;31527.640179762817;140912.95913877792;2106520.6256109057;2324305.919109157;217785.2934982511;31527.640179762817;140912.95913877792;2106520.6256109057;2324305.919109157;
07-May-2020;217938.60459940875;31559.193194542757;141015.9513467585;2107635.8024151013;2325574.4070145106;217938.60459940875;31559.193194542757;141015.9513467585;2107635.8024151013;2325574.4070145106;
07-May-2020;218088.67822000914;31590.48492132769;141118.33284326372;2108746.7411516802;2326835.4193716897;218088.67822000914;31590.48492132769;141118.33284326372;2108746.7411516802;2326835.4193716897;
08-May-2020;218235.56474948276;31621.519387742246;141220.11929463907;2109853.473916648;2328089.038666131;218235.56474948276;31621.519387742246;141220.11929463907;2109853.473916648;2328089.038666131;
08-May-2020;218379.23820068294;31652.300604110045;141321.3255239463;2110955.9865827397;2329335.2247834224;218379.23820068294;31652.300604110045;141321.3255239463;2110955.9865827397;2329335.2247834224;
08-May-2020;218519.67126867728;31682.832557812173;141421.96554721627;2112054.2669552476;2330573.938223925;218519.67126867728;31682.832557812173;141421.96554721627;2112054.2669552476;2330573.938223925;
08-May-2020;218656.90953347486;31713.119208093314;141522.05260829942;2113148.3510552873;2331805.2605887624;218656.90953347486;31713.119208093314;141522.05260829942;2113148.3510552873;2331805.2605887624;
08-May-2020;218790.99662465727;31743.164481314365;141621.59921732795;2114238.275643017;2333029.2722676746;218790.99662465727;31743.164481314365;141621.59921732795;2114238.275643017;2333029.2722676746;
08-May-2020;218921.9743426768;31772.972266650948;141720.6171886927;2115324.07810741;2334246.052450087;218921.9743426768;31772.972266650948;141720.6171886927;2115324.07810741;2334246.052450087;
09-May-2020;219049.8827733042;31802.54641221226;141819.11767728502;2116405.7963633905;2335455.6791366944;219049.8827733042;31802.54641221226;141819.11767728502;2116405.7963633905;2335455.6791366944;
09-May-2020;219175.56567127464;31831.890721542557;141917.11120731986;2117482.1155113215;2336657.681182596;219175.56567127464;31831.890721542557;141917.11120731986;2117482.1155113215;2336657.681182596;
09-May-2020;219299.8571334292;31861.008950363397;142014.5556833976;2118551.816856818;2337851.673990247;219299.8571334292;31861.008950363397;142014.5556833976;2118551.816856818;2337851.673990247;
09-May-2020;219422.7766293168;31889.904803487894;142111.28127689572;2119616.1531567657;2339038.9297860824;219422.7766293168;31889.904803487894;142111.28127689572;2119616.1531567657;2339038.9297860824;
09-May-2020;219544.34275301406;31918.581932242254;142207.1699403498;2120675.6248222357;2340219.9675752497;219544.34275301406;31918.581932242254;142207.1699403498;2120675.6248222357;2340219.9675752497;
09-May-2020;219664.57331739058;31947.043932540775;142302.2305845981;2121730.286989364;2341394.8603067542;219664.57331739058;31947.043932540775;142302.2305845981;2121730.286989364;2341394.8603067542;
10-May-2020;219783.48540387567;31975.294343344245;142396.47164242752;2122780.194716021;2342563.6801198963;219783.48540387567;31975.294343344245;142396.47164242752;2122780.194716021;2342563.6801198963;
10-May-2020;219901.85631464314;32003.33664531577;142490.27614284796;2123822.643038069;2343724.499352712;219901.85631464314;32003.33664531577;142490.27614284796;2123822.643038069;2343724.499352712;
10-May-2020;220020.45541655787;32031.17425922652;142584.02283841907;2124854.985340767;2344875.440757325;220020.45541655787;32031.17425922652;142584.02283841907;2124854.985340767;2344875.440757325;
10-May-2020;220139.2832800394;32058.810543766896;142677.71115054973;2125877.3654459263;2346016.648725966;220139.2832800394;32058.810543766896;142677.71115054973;2125877.3654459263;2346016.648725966;
10-May-2020;220258.33991942919;32086.248793234485;142771.33933297326;2126889.9252476473;2347148.2651670766;220258.33991942919;32086.248793234485;142771.33933297326;2126889.9252476473;2347148.2651670766;
10-May-2020;220377.62483421614;32113.49223556813;142864.72255011913;2127893.659078265;2348271.2839124813;220377.62483421614;32113.49223556813;142864.72255011913;2127893.659078265;2348271.2839124813;
11-May-2020;220497.137093397;32140.544030922476;142957.67963453368;2128889.505147362;2349386.6422407595;220497.137093397;32140.544030922476;142957.67963453368;2128889.505147362;2349386.6422407595;
11-May-2020;220616.5925307783;32167.40727089794;143050.21506624686;2129878.146660635;2350494.7391914134;220616.5925307783;32167.40727089794;143050.21506624686;2129878.146660635;2350494.7391914134;
11-May-2020;220735.70922920897;32194.084978258237;143142.33301147097;2130860.2597157783;2351595.9689449873;220735.70922920897;32194.084978258237;143142.33301147097;2130860.2597157783;2351595.9689449873;
11-May-2020;220854.49041073932;32220.58010696952;143234.03735886246;2131835.901120091;2352690.39153083;220854.49041073932;32220.58010696952;143234.03735886246;2131835.901120091;2352690.39153083;
11-May-2020;220972.93898915724;32246.895542450762;143325.33173993643;2132805.127057292;2353778.06604645;220972.93898915724;32246.895542450762;143325.33173993643;2132805.127057292;2353778.06604645;
11-May-2020;221091.05758849884;32273.03410194586;143416.21954503027;2133767.993083881;2354859.0506723803;221091.05758849884;32273.03410194586;143416.21954503027;2133767.993083881;2354859.0506723803;
12-May-2020;221208.84856068477;32298.998535000643;143506.7039384623;2134724.554126491;2355933.4026871757;221208.84856068477;32298.998535000643;143506.7039384623;2134724.554126491;2355933.4026871757;
12-May-2020;221325.90593023837;32324.79152403962;143596.78787508572;2135675.4786818037;2357001.3846120425;221325.90593023837;32324.79152403962;143596.78787508572;2135675.4786818037;2357001.3846120425;
12-May-2020;221441.82709778636;32350.415685077664;143686.47412448324;2136621.4302003332;2358063.2572981194;221441.82709778636;32350.415685077664;143686.47412448324;2136621.4302003332;2358063.2572981194;
12-May-2020;221556.6209086272;32375.87356859315;143775.76529369553;2137562.453313716;2359119.0742223435;221556.6209086272;32375.87356859315;143775.76529369553;2137562.453313716;2359119.0742223435;
12-May-2020;221670.295962658;32401.16766050613;143864.66384010683;2138498.592072998;2360168.8880356564;221670.295962658;32401.16766050613;143864.66384010683;2138498.592072998;2360168.8880356564;
12-May-2020;221782.86063492423;32426.300383212;143953.06962136907;2139430.2248335765;2361213.085468501;221782.86063492423;32426.300383212;143953.06962136907;2139430.2248335765;2361213.085468501;
13-May-2020;221894.32312441926;32451.274096749705;144040.8393849941;2140358.3183262283;2362252.6414506477;221894.32312441926;32451.274096749705;144040.8393849941;2140358.3183262283;2362252.6414506477;
13-May-2020;222004.59916855005;32476.091100269237;144127.88760665664;2141283.336209087;2363287.935377637;222004.59916855005;32476.091100269237;144127.88760665664;2141283.336209087;2363287.935377637;
13-May-2020;222113.60524207566;32500.75363377077;144214.1716392981;2142205.6809598105;2364319.2862018864;222113.60524207566;32500.75363377077;144214.1716392981;2142205.6809598105;2364319.2862018864;
13-May-2020;222221.35091995605;32525.263879959337;144299.69341137816;2143125.3998664045;2365346.750786361;222221.35091995605;32525.263879959337;144299.69341137816;2143125.3998664045;2365346.750786361;
13-May-2020;222327.84571962585;32549.623966115112;144384.45486992536;2144042.5400873544;2366370.3858069805;222327.84571962585;32549.623966115112;144384.45486992536;2144042.5400873544;2366370.3858069805;
13-May-2020;222433.09910268633;32573.835965918486;144468.45798136652;2144957.1486735204;2367390.247776207;222433.09910268633;32573.835965918486;144468.45798136652;2144957.1486735204;2367390.247776207;
14-May-2020;222537.12047641567;32597.901901225396;144551.70473222955;2145869.2725904686;2368406.3930668845;222537.12047641567;32597.901901225396;144551.70473222955;2145869.2725904686;2368406.3930668845;
14-May-2020;222640.73421876863;32621.82374374303;144634.61211129895;2146775.65622794;2369416.3904467085;222640.73421876863;32621.82374374303;144634.61211129895;2146775.65622794;2369416.3904467085;
14-May-2020;222744.75739894778;32645.60341607853;144717.5929388792;2147673.1052938206;2370417.862692768;222744.75739894778;32645.60341607853;144717.5929388792;2147673.1052938206;2370417.862692768;
14-May-2020;222849.18463687153;32669.24279174966;144800.6407813637;2148561.759403295;2371410.944040166;222849.18463687153;32669.24279174966;144800.6407813637;2148561.759403295;2371410.944040166;
14-May-2020;222954.01027556174;32692.743694759793;144883.74902705025;2149441.7544799596;2372395.7647555214;222954.01027556174;32692.743694759793;144883.74902705025;2149441.7544799596;2372395.7647555214;
14-May-2020;223059.22839923197;32716.107899315924;144966.91090313115;2150313.222885444;2373372.451284676;223059.22839923197;32716.107899315924;144966.91090313115;2150313.222885444;2373372.451284676;
15-May-2020;223164.83285074672;32739.337129723543;145050.11949197087;2151176.2935436936;2374341.1263944404;223164.83285074672;32739.337129723543;145050.11949197087;2151176.2935436936;2374341.1263944404;
15-May-2020;223271.22459082166;32762.43306043585;145133.27246040126;2152030.5298610413;2375301.754451863;223271.22459082166;32762.43306043585;145133.27246040126;2152030.5298610413;2375301.754451863;
15-May-2020;223378.8008140532;32785.39731624974;145216.16617539618;2152876.848894423;2376255.6497084764;223378.8008140532;32785.39731624974;145216.16617539618;2152876.848894423;2376255.6497084764;
15-May-2020;223487.54767535478;32808.23147285379;145298.6960732561;2153715.466186653;2377203.0138620078;223487.54767535478;32808.23147285379;145298.6960732561;2153715.466186653;2377203.0138620078;
15-May-2020;223597.4512527581;32830.93705773817;145380.86257433903;2154546.441479329;2378143.892732087;223597.4512527581;32830.93705773817;145380.86257433903;2154546.441479329;2378143.892732087;
15-May-2020;223708.4975510322;32853.51555120212;145462.6660265164;2155369.833960262;2379078.331511294;223708.4975510322;32853.51555120212;145462.6660265164;2155369.833960262;2379078.331511294;
16-May-2020;223820.67250545637;32875.968387381756;145544.106712104;2156185.7022738475;2380006.374779304;223820.67250545637;32875.968387381756;145544.106712104;2156185.7022738475;2380006.374779304;
16-May-2020;223932.70948160352;32898.29695530451;145625.18485938225;2156995.832365958;2380928.5418475615;223932.70948160352;32898.29695530451;145625.18485938225;2156995.832365958;2380928.5418475615;
16-May-2020;224043.3530422183;32920.50260006803;145705.90067306336;2157801.9976596986;2381845.350701917;224043.3530422183;32920.50260006803;145705.90067306336;2157801.9976596986;2381845.350701917;
16-May-2020;224152.61148713162;32942.58662422095;145786.25436267836;2158604.2315369;2382756.8430240317;224152.61148713162;32942.58662422095;145786.25436267836;2158604.2315369;2382756.8430240317;
16-May-2020;224260.49312504884;32964.550289230305;145866.24614949714;2159402.5667718193;2383663.059896868;224260.49312504884;32964.550289230305;145866.24614949714;2159402.5667718193;2383663.059896868;
16-May-2020;224367.0062751809;32986.39481692288;145945.8762681357;2160197.0355430944;2384564.041818275;224367.0062751809;32986.39481692288;145945.8762681357;2160197.0355430944;2384564.041818275;
17-May-2020;224472.15926858946;33008.12139089093;146025.1449680151;2160987.6694456693;2385459.828714259;224472.15926858946;33008.12139089093;146025.1449680151;2160987.6694456693;2385459.828714259;
17-May-2020;224576.70500339815;33029.73115785393;146104.05251045112;2161773.3522596634;2386350.057263062;224576.70500339815;33029.73115785393;146104.05251045112;2161773.3522596634;2386350.057263062;
17-May-2020;224681.38953517328;33051.225228891024;146182.59914925921;2162552.9763322696;2387234.3658674434;224681.38953517328;33051.225228891024;146182.59914925921;2162552.9763322696;2387234.3658674434;
17-May-2020;224786.20750031856;33072.604680476055;146260.7851127579;2163326.5886974293;2388112.796197748;224786.20750031856;33072.604680476055;146260.7851127579;2163326.5886974293;2388112.796197748;
17-May-2020;224891.15350600993;33093.87055541124;146338.61060359544;2164094.235865717;2388985.3893717267;224891.15350600993;33093.87055541124;146338.61060359544;2164094.235865717;2388985.3893717267;
17-May-2020;224996.2221347243;33115.02386375279;146416.07580268392;2164855.963832675;2389852.1859673993;224996.2221347243;33115.02386375279;146416.07580268392;2164855.963832675;2389852.1859673993;
18-May-2020;225101.4079485752;33136.0655837349;146493.18087287832;2165611.8180871145;2390713.22603569;225101.4079485752;33136.0655837349;146493.18087287832;2165611.8180871145;2390713.22603569;
18-May-2020;225206.21016663907;33156.99666332121;146569.9262870156;2166389.626533245;2391595.8366998844;225206.21016663907;33156.99666332121;146569.9262870156;2166389.626533245;2391595.8366998844;
18-May-2020;225310.13422272107;33177.81802709161;146646.31366347522;2167177.789662582;2392487.923885303;225310.13422272107;33177.81802709161;146646.31366347522;2167177.789662582;2392487.923885303;
18-May-2020;225413.18720545937;33198.53058560603;146722.3455403687;2167962.5787097397;2393375.765915199;225413.18720545937;33198.53058560603;146722.3455403687;2167962.5787097397;2393375.765915199;
18-May-2020;225515.37620225383;33219.13523903197;146798.02448332767;2168742.8402175372;2394258.216419791;225515.37620225383;33219.13523903197;146798.02448332767;2168742.8402175372;2394258.216419791;
18-May-2020;225616.70807491447;33239.632876834345;146873.3529194215;2169518.5075558606;2395135.215630775;225616.70807491447;33239.632876834345;146873.3529194215;2169518.5075558606;2395135.215630775;
19-May-2020;225717.18945523325;33260.02437704309;146948.3331317694;2170289.607717149;2396006.797172382;225717.18945523325;33260.02437704309;146948.3331317694;2170289.607717149;2396006.797172382;
19-May-2020;225817.31557341898;33280.31060555252;147022.96725690053;2171054.6698420895;2396871.9854155085;225817.31557341898;33280.31060555252;147022.96725690053;2171054.6698420895;2396871.9854155085;
19-May-2020;225917.57686848944;33300.492415270906;147097.2572417031;2171812.2455893927;2397729.822457882;225917.57686848944;33300.492415270906;147097.2572417031;2171812.2455893927;2397729.822457882;
19-May-2020;226017.97014285417;33320.57064494812;147171.2048043554;2172562.4049520437;2398580.375094898;226017.97014285417;33320.57064494812;147171.2048043554;2172562.4049520437;2398580.375094898;
19-May-2020;226118.4919364116;33340.546117920225;147244.8114404657;2173305.217124708;2399423.7090611197;226118.4919364116;33340.546117920225;147244.8114404657;2173305.217124708;2399423.7090611197;
19-May-2020;226219.13854183242;33360.419641001376;147318.0784394063;2174040.750503831;2400259.8890456636;226219.13854183242;33360.419641001376;147318.0784394063;2174040.750503831;2400259.8890456636;
20-May-2020;226319.90601929717;33380.19200353172;147391.0068997771;2174769.0726928925;2401088.9787121895;226319.90601929717;33380.19200353172;147391.0068997771;2174769.0726928925;2401088.9787121895;
20-May-2020;226420.6805133673;33399.86397655543;147463.59773665137;2175489.6577427834;2401910.3382561505;226420.6805133673;33399.86397655543;147463.59773665137;2175489.6577427834;2401910.3382561505;
20-May-2020;226521.34892312062;33419.43631196888;147535.85165971317;2176201.997955648;2402723.346878769;226521.34892312062;33419.43631196888;147535.85165971317;2176201.997955648;2402723.346878769;
20-May-2020;226621.90855385654;33438.90974151351;147607.76915396051;2176906.1861870377;2403528.094740894;226621.90855385654;33438.90974151351;147607.76915396051;2176906.1861870377;2403528.094740894;
20-May-2020;226722.35641934964;33458.284975775154;147679.35049143896;2177602.3139398983;2404324.670359248;226722.35641934964;33458.284975775154;147679.35049143896;2177602.3139398983;2404324.670359248;
20-May-2020;226822.68926342812;33477.56270334432;147750.59574959247;2178290.471381544;2405113.160644972;226822.68926342812;33477.56270334432;147750.59574959247;2178290.471381544;2405113.160644972;
21-May-2020;226922.90358054117;33496.74359013825;147821.50482857384;2178970.7473614286;2405893.65094197;226922.90358054117;33496.74359013825;147821.50482857384;2178970.7473614286;2405893.65094197;
21-May-2020;227023.39558281438;33515.82827887037;147892.077466884;2179642.764679109;2406666.1602619234;227023.39558281438;33515.82827887037;147892.077466884;2179642.764679109;2406666.1602619234;
21-May-2020;227124.5574356641;33534.81738864136;147962.3132534297;2180306.148566321;2407430.706001985;227124.5574356641;33534.81738864136;147962.3132534297;2180306.148566321;2407430.706001985;
21-May-2020;227226.37731215762;33553.71151462906;148032.21163890854;2180960.991558999;2408187.3688711566;227226.37731215762;33553.71151462906;148032.21163890854;2180960.991558999;2408187.3688711566;
21-May-2020;227328.8431746009;33572.511227882154;148101.77194921297;2181607.385018677;2408936.228193278;227328.8431746009;33572.511227882154;148101.77194921297;2181607.385018677;2408936.228193278;
21-May-2020;227431.94278613306;33591.217075222215;148170.99339870273;2182245.4191568205;2409677.3619429534;227431.94278613306;33591.217075222215;148170.99339870273;2182245.4191568205;2409677.3619429534;
22-May-2020;227535.66372221377;33609.82957924594;148239.8751026847;2182875.183058828;2410410.8467810424;227535.66372221377;33609.82957924594;148239.8751026847;2182875.183058828;2410410.8467810424;
22-May-2020;227639.67394342547;33628.34923842281;148308.41609141693;2183497.3008590327;2411136.974802458;227639.67394342547;33628.34923842281;148308.41609141693;2183497.3008590327;2411136.974802458;
22-May-2020;227743.64446430196;33646.77652732571;148376.61533215034;2184112.387633654;2411856.0320979557;227743.64446430196;33646.77652732571;148376.61533215034;2184112.387633654;2411856.0320979557;
22-May-2020;227847.56883822352;33665.11189702242;148444.47174952252;2184720.515727621;2412568.0845658444;227847.56883822352;33665.11189702242;148444.47174952252;2184720.515727621;2412568.0845658444;
22-May-2020;227951.44054573798;33683.355775568045;148511.9842355489;2185321.7565262346;2413273.1970719723;227951.44054573798;33683.355775568045;148511.9842355489;2185321.7565262346;2413273.1970719723;
22-May-2020;228055.2530046444;33701.50856854112;148579.1516567403;2185916.180473312;2413971.4334779563;228055.2530046444;33701.50856854112;148579.1516567403;2185916.180473312;2413971.4334779563;
23-May-2020;228158.99957958737;33719.57065961383;148645.97286074422;2186503.857089228;2414662.8566688155;228158.99957958737;33719.57065961383;148645.97286074422;2186503.857089228;2414662.8566688155;
23-May-2020;228261.63980904297;33737.54241116157;148712.44668750637;2187086.3618224277;2415348.001631471;228261.63980904297;33737.54241116157;148712.44668750637;2187086.3618224277;2415348.001631471;
23-May-2020;228362.14412781724;33755.42416500796;148778.57199915254;2187665.2509654155;2416027.395093233;228362.14412781724;33755.42416500796;148778.57199915254;2187665.2509654155;2416027.395093233;
23-May-2020;228460.52775039838;33773.21624338047;148844.34770748237;2188240.5585535746;2416701.086303973;228460.52775039838;33773.21624338047;148844.34770748237;2188240.5585535746;2416701.086303973;
23-May-2020;228556.80605193393;33790.918949959225;148909.77277986988;2188812.3177713933;2417369.1238233275;228556.80605193393;33790.918949959225;148909.77277986988;2188812.3177713933;2417369.1238233275;
23-May-2020;228650.99456372208;33808.532570905816;148974.84623985874;2189380.5609747507;2418031.5555384727;228650.99456372208;33808.532570905816;148974.84623985874;2189380.5609747507;2418031.5555384727;
24-May-2020;228743.10896844114;33826.0573758624;149039.56716762454;2189945.3197129467;2418688.4286813876;228743.10896844114;33826.0573758624;149039.56716762454;2189945.3197129467;2418688.4286813876;
24-May-2020;228833.18133117878;33843.49361894903;149103.9347147214;2190507.979779688;2419341.161110867;228833.18133117878;33843.49361894903;149103.9347147214;2190507.979779688;2419341.161110867;
24-May-2020;228921.24379340446;33860.84154005085;149167.94817424522;2191069.906801819;2419991.1505952235;228921.24379340446;33860.84154005085;149167.94817424522;2191069.906801819;2419991.1505952235;
24-May-2020;229007.31243047665;33878.10136662464;149231.60704521727;2191631.1012725676;2420638.4137030444;229007.31243047665;33878.10136662464;149231.60704521727;2191631.1012725676;2420638.4137030444;
24-May-2020;229091.40363071192;33895.273315695995;149294.91103543984;2192191.5633153263;2421282.9669460384;229091.40363071192;33895.273315695995;149294.91103543984;2192191.5633153263;2421282.9669460384;
24-May-2020;229173.5340605406;33912.357595729176;149357.86004993482;2192751.2927190494;2421924.82677959;229173.5340605406;33912.357595729176;149357.86004993482;2192751.2927190494;2421924.82677959;
25-May-2020;229253.7206316916;33929.35440835063;149420.39454154897;2193310.3448127285;2422564.06544442;229253.7206316916;33929.35440835063;149420.39454154897;2193310.3448127285;2422564.06544442;
25-May-2020;229332.90447340347;33946.263949970125;149482.57443040208;2193868.8063702127;2423201.710843616;229332.90447340347;33946.263949970125;149482.57443040208;2193868.8063702127;2423201.710843616;
25-May-2020;229412.01644266455;33963.08641351507;149544.45986522085;2194426.6105834767;2423838.627026141;229412.01644266455;33963.08641351507;149544.45986522085;2194426.6105834767;2423838.627026141;
25-May-2020;229491.05319909024;33979.82199041356;149605.9919799116;2194983.8767892295;2424474.9299883195;229491.05319909024;33979.82199041356;149605.9919799116;2194983.8767892295;2424474.9299883195;
25-May-2020;229570.01175107245;33996.47087262301;149667.1718060083;2195540.6155216005;2425110.627272673;229570.01175107245;33996.47087262301;149667.1718060083;2195540.6155216005;2425110.627272673;
25-May-2020;229648.8894417411;34013.03325450665;149728.00061860433;2196096.8373694248;2425745.726811166;229648.8894417411;34013.03325450665;149728.00061860433;2196096.8373694248;2425745.726811166;
26-May-2020;229727.6839343788;34029.50933452834;149788.47992058177;2196652.552983025;2426380.236917404;229727.6839343788;34029.50933452834;149788.47992058177;2196652.552983025;2426380.236917404;
26-May-2020;229806.36578812203;34045.89931677449;149848.61142685503;2197207.7282467885;2427014.0940349107;229806.36578812203;34045.89931677449;149848.61142685503;2197207.7282467885;2427014.0940349107;
26-May-2020;229884.90616409897;34062.20341229911;149908.39704641287;2197762.3286363734;2427647.2348004724;229884.90616409897;34062.20341229911;149908.39704641287;2197762.3286363734;2427647.2348004724;
26-May-2020;229963.3042139947;34078.42184029025;149967.83886531624;2198316.3641301384;2428279.668344133;229963.3042139947;34078.42184029025;149967.83886531624;2198316.3641301384;2428279.668344133;
26-May-2020;230041.55933912986;34094.55482908501;150026.9391335731;2198869.844777742;2428911.4041168718;230041.55933912986;34094.55482908501;150026.9391335731;2198869.844777742;2428911.4041168718;
26-May-2020;230119.6711782909;34110.60261705926;150085.70025341574;2199422.78070585;2429542.451884141;230119.6711782909;34110.60261705926;150085.70025341574;2199422.78070585;2429542.451884141;
27-May-2020;230197.63959604705;34126.56545340215;150144.12476817152;2199975.1821235497;2430172.8217195966;230197.63959604705;34126.56545340215;150144.12476817152;2199975.1821235497;2430172.8217195966;
27-May-2020;230275.54672227651;34142.443598781305;150202.21535047743;2200526.8607103764;2430802.407432653;230275.54672227651;34142.443598781305;150202.21535047743;2200526.8607103764;2430802.407432653;
27-May-2020;230353.47394680273;34158.23732588134;150259.97478628077;2201077.6281283805;2431431.1020751833;230353.47394680273;34158.23732588134;150259.97478628077;2201077.6281283805;2431431.1020751833;
27-May-2020;230431.4198614327;34173.946919803064;150317.40595972684;2201627.4951609387;2432058.9150223713;230431.4198614327;34173.946919803064;150317.40595972684;2201627.4951609387;2432058.9150223713;
27-May-2020;230509.38324862532;34189.5726783572;150374.51184368366;2202176.4726759526;2432685.855924578;230509.38324862532;34189.5726783572;150374.51184368366;2202176.4726759526;2432685.855924578;
27-May-2020;230587.36307366024;34205.11491228604;150431.295491962;2202724.5716277137;2433311.934701374;230587.36307366024;34205.11491228604;150431.295491962;2202724.5716277137;2433311.934701374;
28-May-2020;230665.35847706994;34220.57394542076;150487.76003195223;2203271.8030586666;2433937.1615357366;230665.35847706994;34220.57394542076;150487.76003195223;2203271.8030586666;2433937.1615357366;
28-May-2020;230742.59853112992;34235.950114784704;150543.9086602004;2203819.1906904527;2434561.7892215825;230742.59853112992;34235.950114784704;150543.9086602004;2203819.1906904527;2434561.7892215825;
28-May-2020;230818.3210461119;34251.24377069907;150599.74464830357;2204367.7558239303;2435186.0768700424;230818.3210461119;34251.24377069907;150599.74464830357;2204367.7558239303;2435186.0768700424;
28-May-2020;230892.54268035945;34266.455276938315;150655.2713485622;2204917.5017347783;2435810.0444151377;230892.54268035945;34266.455276938315;150655.2713485622;2204917.5017347783;2435810.0444151377;
28-May-2020;230965.2799966496;34281.5850108842;150710.49218939836;2205468.43190297;2436433.71189962;230965.2799966496;34281.5850108842;150710.49218939836;2205468.43190297;2436433.71189962;
28-May-2020;231036.54944743062;34296.63336362678;150765.41066855122;2206020.550027532;2437057.099474963;231036.54944743062;34296.63336362678;150765.41066855122;2206020.550027532;2437057.099474963;
29-May-2020;231106.36736118072;34311.60074001233;150819.96914994874;2206573.9461767348;2437680.3135379157;231106.36736118072;34311.60074001233;150819.96914994874;2206573.9461767348;2437680.3135379157;
29-May-2020;231174.89224466064;34326.48755868644;150873.98576321444;2207129.4765134347;2438304.3687580954;231174.89224466064;34326.48755868644;150873.98576321444;2207129.4765134347;2438304.3687580954;
29-May-2020;231242.28100381285;34341.294252322245;150927.33918858983;2207687.268499264;2438929.549503077;231242.28100381285;34341.294252322245;150927.33918858983;2207687.268499264;2438929.549503077;
29-May-2020;231308.54669340912;34356.02126804964;150980.03178803148;2208247.3978084805;2439555.94450189;231308.54669340912;34356.02126804964;150980.03178803148;2208247.3978084805;2439555.94450189;
29-May-2020;231373.70234767854;34370.66906789307;151032.06604503564;2208809.9429919897;2440183.645339668;231373.70234767854;34370.66906789307;151032.06604503564;2208809.9429919897;2440183.645339668;
29-May-2020;231437.76096692056;34385.23812915391;151083.44455353462;2209374.9856368885;2440812.7466038093;231437.76096692056;34385.23812915391;151083.44455353462;2209374.9856368885;2440812.7466038093;
30-May-2020;231500.73550500566;34399.72894474038;151134.1700072735;2209942.6105352584;2441443.3460402642;231500.73550500566;34399.72894474038;151134.1700072735;2209942.6105352584;2441443.3460402642;
30-May-2020;231563.0505864822;34414.14202342131;151184.46125233942;2210511.1004469213;2442074.1510334034;231563.0505864822;34414.14202342131;151184.46125233942;2210511.1004469213;2442074.1510334034;
30-May-2020;231625.126517986;34428.477889710215;151234.53757912302;2211078.6839833353;2442703.810501321;231625.126517986;34428.477889710215;151234.53757912302;2211078.6839833353;2442703.810501321;
30-May-2020;231686.96755575453;34442.73708313285;151284.4025863483;2211645.369513752;2443332.3370695063;231686.96755575453;34442.73708313285;151284.4025863483;2211645.369513752;2443332.3370695063;
30-May-2020;231748.57788544722;34456.92015719177;151334.0598113781;2212211.165616246;2443959.743501693;231748.57788544722;34456.92015719177;151334.0598113781;2212211.165616246;2443959.743501693;
30-May-2020;231809.96162330123;34471.027678348095;151383.5127312438;2212776.08107236;2444586.042695661;231809.96162330123;34471.027678348095;151383.5127312438;2212776.08107236;2444586.042695661;
31-May-2020;231871.12281729412;34485.060225046655;151432.76476367863;2213340.124861901;2445211.2476791954;231871.12281729412;34485.060225046655;151432.76476367863;2213340.124861901;2445211.2476791954;
31-May-2020;231932.11309959023;34499.01838676257;151481.84385139463;2213902.2467941027;2445834.359893693;231932.11309959023;34499.01838676257;151481.84385139463;2213902.2467941027;2445834.359893693;
31-May-2020;231992.98351214148;34512.902762852485;151530.77747377296;2214461.4058976094;2446454.3894097507;231992.98351214148;34512.902762852485;151530.77747377296;2214461.4058976094;2446454.3894097507;
31-May-2020;232053.73679641233;34526.71396103871;151579.5680150983;2215017.6252807286;2447071.3620771407;232053.73679641233;34526.71396103871;151579.5680150983;2215017.6252807286;2447071.3620771407;
31-May-2020;232114.3755138658;34540.452595765724;151628.2177087646;2215570.9279391733;2447685.303453039;232114.3755138658;34540.452595765724;151628.2177087646;2215570.9279391733;2447685.303453039;
31-May-2020;232174.90205477714;34554.119286662135;151676.7286449146;2216121.336747724;2448296.238802501;232174.90205477714;34554.119286662135;151676.7286449146;2216121.336747724;2448296.238802501;
01-Jun-2020;232235.31864668932;34567.714657121374;151725.10277775777;2216668.874452558;2448904.1930992473;232235.31864668932;34567.714657121374;151725.10277775777;2216668.874452558;2448904.1930992473;
01-Jun-2020;232295.19454878432;34581.23933300532;151773.1212622181;2217214.545068303;2449509.7396170874;232295.19454878432;34581.23933300532;151773.1212622181;2217214.545068303;2449509.7396170874;
01-Jun-2020;232354.10278514808;34594.693941581274;151820.56480363425;2217759.3652327317;2450113.46801788;232354.10278514808;34594.693941581274;151820.56480363425;2217759.3652327317;2450113.46801788;
01-Jun-2020;232412.05293437265;34608.07911078334;151867.43436102645;2218303.3752758363;2450715.428210209;232412.05293437265;34608.07911078334;151867.43436102645;2218303.3752758363;2450715.428210209;
01-Jun-2020;232469.05438071516;34621.39546866789;151913.73083607963;2218846.6165347146;2451315.67091543;232469.05438071516;34621.39546866789;151913.73083607963;2218846.6165347146;2451315.67091543;
01-Jun-2020;232525.11632301743;34634.64364293232;151959.45507770588;2219389.131409685;2451914.2477327026;232525.11632301743;34634.64364293232;151959.45507770588;2219389.131409685;2451914.2477327026;
02-Jun-2020;232580.247783118;34647.82426048316;152004.60788634527;2219930.9634252638;2452511.2112083817;232580.247783118;34647.82426048316;152004.60788634527;2219930.9634252638;2452511.2112083817;
02-Jun-2020;232633.8976334916;34660.9379471086;152048.8749916286;2220475.5747274617;2453109.472360953;232633.8976334916;34660.9379471086;152048.8749916286;2220475.5747274617;2453109.472360953;
02-Jun-2020;232685.51955084383;34673.98532786862;152091.93053442953;2221026.73336381;2453712.2529146536;232685.51955084383;34673.98532786862;152091.93053442953;2221026.73336381;2453712.2529146536;
02-Jun-2020;232735.13208474772;34686.96702875643;152133.7523776979;2221584.986013731;2454320.1180984788;232735.13208474772;34686.96702875643;152133.7523776979;2221584.986013731;2454320.1180984788;
02-Jun-2020;232782.75377895962;34699.88367905762;152174.3188959036;2222150.9492244446;2454933.703003404;232782.75377895962;34699.88367905762;152174.3188959036;2222150.9492244446;2454933.703003404;
02-Jun-2020;232828.40313719213;34712.735913792865;152213.60894467536;2222725.322398026;2455553.725535218;232828.40313719213;34712.735913792865;152213.60894467536;2222725.322398026;2455553.725535218;
03-Jun-2020;232872.09858947192;34725.5243762142;152251.60182930352;2223308.9038972748;2456181.0024867468;232872.09858947192;34725.5243762142;152251.60182930352;2223308.9038972748;2456181.0024867468;
03-Jun-2020;232914.73859483426;34738.24972031051;152288.868168723;2223897.8688568897;2456812.607451724;232914.73859483426;34738.24972031051;152288.868168723;2223897.8688568897;2456812.607451724;
03-Jun-2020;232957.214459427;34750.91261247006;152325.99060503987;2224486.194715789;2457443.409175216;232957.214459427;34750.91261247006;152325.99060503987;2224486.194715789;2457443.409175216;
03-Jun-2020;232999.5301891497;34763.51373122348;152362.97264268924;2225073.6987883304;2458073.22897748;232999.5301891497;34763.51373122348;152362.97264268924;2225073.6987883304;2458073.22897748;
03-Jun-2020;233041.6896464008;34776.05376577574;152399.81766056755;2225660.3903371836;2458702.0799835846;233041.6896464008;34776.05376577574;152399.81766056755;2225660.3903371836;2458702.0799835846;
03-Jun-2020;233083.6965557436;34788.533414478574;152436.5289169903;2226246.278843114;2459329.9753988576;233083.6965557436;34788.533414478574;152436.5289169903;2226246.278843114;2459329.9753988576;
04-Jun-2020;233125.55450949198;34800.95338340076;152473.10955457925;2226831.3739631777;2459956.92847267;233125.55450949198;34800.95338340076;152473.10955457925;2226831.3739631777;2459956.92847267;
04-Jun-2020;233167.29590927096;34813.314384972946;152509.5817460108;2227414.7683578767;2460582.064267148;233167.29590927096;34813.314384972946;152509.5817460108;2227414.7683578767;2460582.064267148;
04-Jun-2020;233208.9527872133;34825.617136513414;152545.96736359218;2227995.562843104;2461204.5156303174;233208.9527872133;34825.617136513414;152545.96736359218;2227995.562843104;2461204.5156303174;
04-Jun-2020;233250.5278346867;34837.86235848048;152582.26880643223;2228573.779453541;2461824.3072882285;233250.5278346867;34837.86235848048;152582.26880643223;2228573.779453541;2461824.3072882285;
04-Jun-2020;233292.0235536973;34850.05077265882;152618.4883059144;2229149.4400987625;2462441.46365246;233292.0235536973;34850.05077265882;152618.4883059144;2229149.4400987625;2462441.46365246;
04-Jun-2020;233333.44226677023;34862.18310048125;152654.62793454828;2229722.5665530246;2463056.0088197947;233333.44226677023;34862.18310048125;152654.62793454828;2229722.5665530246;2463056.0088197947;
05-Jun-2020;233374.78612639816;34874.26006149486;152690.68961442943;2230293.1804459216;2463667.9665723196;233374.78612639816;34874.26006149486;152690.68961442943;2230293.1804459216;2463667.9665723196;
05-Jun-2020;233415.97221723926;34886.282371959685;152726.61923389556;2230861.246700788;2464277.2189180274;233415.97221723926;34886.282371959685;152726.61923389556;2230861.246700788;2464277.2189180274;
05-Jun-2020;233456.91799387636;34898.2507435414;152762.36283968258;2231426.730424991;2464883.648418867;233456.91799387636;34898.2507435414;152762.36283968258;2231426.730424991;2464883.648418867;
05-Jun-2020;233497.62617630308;34910.16588206616;152797.92252168534;2231989.6529987757;2465487.279175079;233497.62617630308;34910.16588206616;152797.92252168534;2231989.6529987757;2465487.279175079;
05-Jun-2020;233538.09931082092;34922.02848636372;152833.30022276426;2232550.0356081426;2466088.1349189635;233538.09931082092;34922.02848636372;152833.30022276426;2232550.0356081426;2466088.1349189635;
05-Jun-2020;233578.33978092964;34933.839247224285;152868.4977478679;2233107.899236465;2466686.2390173944;233578.33978092964;34933.839247224285;152868.4977478679;2233107.899236465;2466686.2390173944;
06-Jun-2020;233618.34981765185;34945.598846464476;152903.51677269177;2233663.264657032;2467281.614474684;233618.34981765185;34945.598846464476;152903.51677269177;2233663.264657032;2467281.614474684;
06-Jun-2020;233658.3436878955;34957.30795605447;152938.49977795826;2234213.9506467655;2467872.294334661;233658.3436878955;34957.30795605447;152938.49977795826;2234213.9506467655;2467872.294334661;
06-Jun-2020;233698.53416488104;34968.96723687786;152973.58771079246;2234757.859164058;2468456.393328939;233698.53416488104;34968.96723687786;152973.58771079246;2234757.859164058;2468456.393328939;
06-Jun-2020;233738.9202717889;34980.57733679687;153008.77899183118;2235295.1325820577;2469034.0528538465;233738.9202717889;34980.57733679687;153008.77899183118;2235295.1325820577;2469034.0528538465;
06-Jun-2020;233779.50074688994;34992.13888850899;153044.07179944313;2235825.9085545447;2469605.4093014346;233779.50074688994;34992.13888850899;153044.07179944313;2235825.9085545447;2469605.4093014346;
06-Jun-2020;233820.2740603712;35003.652507653795;153079.46408623256;2236350.3201945047;2470170.594254876;233820.2740603712;35003.652507653795;153079.46408623256;2236350.3201945047;2470170.594254876;
07-Jun-2020;233861.23843053443;35015.11879118811;153114.95359486347;2236868.4962456324;2470729.734676167;233861.23843053443;35015.11879118811;153114.95359486347;2236868.4962456324;2470729.734676167;
07-Jun-2020;233902.25936815294;35026.538316011036;153150.4528364424;2237380.8386558476;2471283.0980240004;233902.25936815294;35026.538316011036;153150.4528364424;2237380.8386558476;2471283.0980240004;
07-Jun-2020;233943.2029627123;35037.911637848614;153185.87519654314;2237887.7160824323;2471830.9190451447;233943.2029627123;35037.911637848614;153185.87519654314;2237887.7160824323;2471830.9190451447;
07-Jun-2020;233984.0683811707;35049.239290397934;153221.2199908834;2238389.2026066147;2472373.2709877854;233984.0683811707;35049.239290397934;153221.2199908834;2238389.2026066147;2472373.2709877854;
07-Jun-2020;234024.85462425966;35060.52178467081;153256.4863920694;2238885.3707911754;2472910.225415435;234024.85462425966;35060.52178467081;153256.4863920694;2238885.3707911754;2472910.225415435;
07-Jun-2020;234065.5605408136;35071.759608485765;153291.6734421447;2239376.2917078333;2473441.852248647;234065.5605408136;35071.759608485765;153291.6734421447;2239376.2917078333;2473441.852248647;
08-Jun-2020;234106.18484130336;35082.953226093145;153326.78006443343;2239862.0349651286;2473968.219806432;234106.18484130336;35082.953226093145;153326.78006443343;2239862.0349651286;2473968.219806432;
08-Jun-2020;234146.85696414488;35094.103077899155;153361.88866382424;2240341.4138817447;2474488.2708458896;234146.85696414488;35094.103077899155;153361.88866382424;2240341.4138817447;2474488.2708458896;
08-Jun-2020;234187.70533283375;35105.20958004083;153397.08042261875;2240813.316281059;2475001.0216138926;234187.70533283375;35105.20958004083;153397.08042261875;2240813.316281059;2475001.0216138926;
08-Jun-2020;234228.7264394547;35116.27312362699;153432.35166600958;2241277.9179263813;2475506.644365836;234228.7264394547;35116.27312362699;153432.35166600958;2241277.9179263813;2475506.644365836;
08-Jun-2020;234269.91654018284;35127.29407392212;153467.6985351311;2241735.388221103;2476005.304761286;234269.91654018284;35127.29407392212;153467.6985351311;2241735.388221103;2476005.304761286;
08-Jun-2020;234311.27167364085;35138.272769728064;153503.11700439357;2242185.8904753574;2476497.162148998;234311.27167364085;35138.272769728064;153503.11700439357;2242185.8904753574;2476497.162148998;
09-Jun-2020;234352.78767842686;35149.20952296638;153538.60289795542;2242629.582161209;2476982.369839636;234352.78767842686;35149.20952296638;153538.60289795542;2242629.582161209;2476982.369839636;
09-Jun-2020;234395.2801667574;35160.1046183717;153574.64875684617;2243062.39564888;2477457.675815637;234395.2801667574;35160.1046183717;153574.64875684617;2243062.39564888;2477457.675815637;
09-Jun-2020;234439.55851208576;35170.95831257194;153611.7213838155;2243480.9799442636;2477920.538456349;234439.55851208576;35170.95831257194;153611.7213838155;2243480.9799442636;2477920.538456349;
09-Jun-2020;234485.60554732633;35181.77083211425;153649.7649893419;2243886.4297989053;2478372.0353462314;234485.60554732633;35181.77083211425;153649.7649893419;2243886.4297989053;2478372.0353462314;
09-Jun-2020;234533.40325546052;35192.54237140179;153688.72368360663;2244279.6853419086;2478813.088597369;234533.40325546052;35192.54237140179;153688.72368360663;2244279.6853419086;2478813.088597369;
09-Jun-2020;234582.93280129004;35203.27309130853;153728.5415407064;2244661.5597793413;2479244.4925806313;234582.93280129004;35203.27309130853;153728.5415407064;2244661.5597793413;2479244.4925806313;
10-Jun-2020;234634.1745665546;35213.9631184176;153769.16266390026;2245032.761206566;2479666.9357731203;234634.1745665546;35213.9631184176;153769.16266390026;2245032.761206566;2479666.9357731203;
10-Jun-2020;234685.76819250936;35224.61254481666;153809.89701275883;2245397.307235489;2480083.0754279983;234685.76819250936;35224.61254481666;153809.89701275883;2245397.307235489;2480083.0754279983;
10-Jun-2020;234736.36409952745;35235.22142878922;153850.07834002643;2245758.8081575264;2480495.1722570537;234736.36409952745;35235.22142878922;153850.07834002643;2245758.8081575264;2480495.1722570537;
10-Jun-2020;234785.96406054497;35245.789796605866;153889.69855126852;2246117.285903554;2480903.249964099;234785.96406054497;35245.789796605866;153889.69855126852;2246117.285903554;2480903.249964099;
10-Jun-2020;234834.57026981955;35256.317644781484;153928.74991856475;2246472.760206811;2481307.3304766305;234834.57026981955;35256.317644781484;153928.74991856475;2246472.760206811;2481307.3304766305;
10-Jun-2020;234882.1853244385;35266.80494226381;153967.22507351916;2246825.248613636;2481707.4339380744;234882.1853244385;35266.80494226381;153967.22507351916;2246825.248613636;2481707.4339380744;
11-Jun-2020;234928.81220636336;35277.2516325123;154005.11700026813;2247174.7664858173;2482103.5786921806;234928.81220636336;35277.2516325123;154005.11700026813;2247174.7664858173;2482103.5786921806;
11-Jun-2020;234974.85130950657;35287.65763546505;154042.63436728556;2247520.6231297436;2482495.4744392503;234974.85130950657;35287.65763546505;154042.63436728556;2247520.6231297436;2482495.4744392503;
11-Jun-2020;235020.69949989865;35298.02284933282;154079.98771555617;2247862.1540210284;2482882.853520927;235020.69949989865;35298.02284933282;154079.98771555617;2247862.1540210284;2482882.853520927;
11-Jun-2020;235066.35294779704;35308.347152176975;154117.1739954785;2248199.41317008;2483265.7661178773;235066.35294779704;35308.347152176975;154117.1739954785;2248199.41317008;2483265.7661178773;
11-Jun-2020;235111.80793550785;35318.630403354655;154154.19025082068;2248532.45348907;2483644.261424578;235111.80793550785;35318.630403354655;154154.19025082068;2248532.45348907;2483644.261424578;
11-Jun-2020;235157.0608572245;35328.8724449077;154191.03361850686;2248861.3268291415;2484018.3876863657;235157.0608572245;35328.8724449077;154191.03361850686;2248861.3268291415;2484018.3876863657;
12-Jun-2020;235202.10821871014;35339.07310290245;154227.70132827634;2249186.0840162826;2484388.1922349925;235202.10821871014;35339.07310290245;154227.70132827634;2249186.0840162826;2484388.1922349925;
12-Jun-2020;235247.36596953045;35349.23218871574;154264.41278946097;2249506.1013468453;2484753.4673163756;235247.36596953045;35349.23218871574;154264.41278946097;2249506.1013468453;2484753.4673163756;
12-Jun-2020;235293.24559140622;35359.34950021527;154301.38021708108;2249820.823432218;2485114.069023624;235293.24559140622;35359.34950021527;154301.38021708108;2249820.823432218;2485114.069023624;
12-Jun-2020;235339.73467161573;35369.42482280593;154338.58657145107;2250130.397633164;2485470.1323047797;235339.73467161573;35369.42482280593;154338.58657145107;2250130.397633164;2485470.1323047797;
12-Jun-2020;235386.82072749728;35379.45793042011;154376.01496513473;2250434.962095283;2485821.7828227803;235386.82072749728;35379.45793042011;154376.01496513473;2250434.962095283;2485821.7828227803;
12-Jun-2020;235434.49122019392;35389.44858651341;154413.6486754473;2250734.646538745;2486169.137758939;235434.49122019392;35389.44858651341;154413.6486754473;2250734.646538745;2486169.137758939;
13-Jun-2020;235482.73357034035;35399.396545067575;154451.32038288133;2251029.788163504;2486512.5217338447;235482.73357034035;35399.396545067575;154451.32038288133;2251029.788163504;2486512.5217338447;
13-Jun-2020;235531.52740599343;35409.30155165362;154488.82069713605;2251321.2967488403;2486852.824154834;235531.52740599343;35409.30155165362;154488.82069713605;2251321.2967488403;2486852.824154834;
13-Jun-2020;235580.8525042818;35419.16334469911;154526.0982818223;2251609.585124425;2487190.437628707;235580.8525042818;35419.16334469911;154526.0982818223;2251609.585124425;2487190.437628707;
13-Jun-2020;235630.69662033155;35428.98165694687;154563.15132760518;2251894.6737155113;2487525.370335843;235630.69662033155;35428.98165694687;154563.15132760518;2251894.6737155113;2487525.370335843;
13-Jun-2020;235681.04761528855;35438.756216908165;154599.9781901675;2252176.5830160226;2487857.6306313113;235681.04761528855;35438.756216908165;154599.9781901675;2252176.5830160226;2487857.6306313113;
13-Jun-2020;235731.8934596809;35448.48675021328;154636.57738216384;2252455.3335851454;2488187.2270448264;235731.8934596809;35448.48675021328;154636.57738216384;2252455.3335851454;2488187.2270448264;
14-Jun-2020;235783.22223639383;35458.17298085844;154672.94756552775;2252730.946043895;2488514.168280289;235783.22223639383;35458.17298085844;154672.94756552775;2252730.946043895;2488514.168280289;
14-Jun-2020;235834.78689913792;35467.81463236415;154709.08754861867;2253004.1047009556;2488838.8916000933;235834.78689913792;35467.81463236415;154709.08754861867;2253004.1047009556;2488838.8916000933;
14-Jun-2020;235886.34358388442;35477.41142894139;154744.99630105516;2253275.485717153;2489161.829301038;235886.34358388442;35477.41142894139;154744.99630105516;2253275.485717153;2489161.829301038;
14-Jun-2020;235937.88690843302;35486.96309674326;154780.6729671267;2253545.096033274;2489482.982941707;235937.88690843302;35486.96309674326;154780.6729671267;2253545.096033274;2489482.982941707;
14-Jun-2020;235989.41171353735;35496.46936510445;154816.11686033907;2253812.9425954367;2489802.354308974;235989.41171353735;35496.46936510445;154816.11686033907;2253812.9425954367;2489802.354308974;
14-Jun-2020;236040.91305486046;35505.92996767424;154851.32745376477;2254079.0323586008;2490119.9454134614;236040.91305486046;35505.92996767424;154851.32745376477;2254079.0323586008;2490119.9454134614;
15-Jun-2020;236092.38619516388;35515.34464344135;154886.30437084634;2254343.372289736;2490435.758484899;236092.38619516388;35515.34464344135;154886.30437084634;2254343.372289736;2490435.758484899;
15-Jun-2020;236143.91354063497;35524.713137654115;154921.047374788;2254605.706801292;2490749.620341927;236143.91354063497;35524.713137654115;154921.047374788;2254605.706801292;2490749.620341927;
15-Jun-2020;236195.5764979893;35534.035202604915;154955.5563512389;2254865.7831678195;2491061.3596658087;236195.5764979893;35534.035202604915;154955.5563512389;2254865.7831678195;2491061.3596658087;
15-Jun-2020;236247.36850824274;35543.31059825565;154989.83129206524;2255123.613277604;2491370.9817858464;236247.36850824274;35543.31059825565;154989.83129206524;2255123.613277604;2491370.9817858464;
15-Jun-2020;236299.28316183388;35552.539092751904;155023.87228734727;2255379.209057671;2491678.492219505;236299.28316183388;35552.539092751904;155023.87228734727;2255379.209057671;2491678.492219505;
15-Jun-2020;236351.31419519242;35561.72046287198;155057.67951957844;2255632.582472868;2491983.89666806;236351.31419519242;35561.72046287198;155057.67951957844;2255632.582472868;2491983.89666806;
16-Jun-2020;236403.4554873344;35570.854494418636;155091.25325814317;2255883.74552485;2492287.201012185;236403.4554873344;35570.854494418636;155091.25325814317;2255883.74552485;2492287.201012185;
16-Jun-2020;236455.6220192008;35579.940982549786;155124.59385014352;2256132.416596992;2492588.0386161925;236455.6220192008;35579.940982549786;155124.59385014352;2256132.416596992;2492588.0386161925;
16-Jun-2020;236507.72997741983;35588.97973197271;155157.70169642044;2256378.32083758;2492886.0508149997;236507.72997741983;35588.97973197271;155157.70169642044;2256378.32083758;2492886.0508149997;
16-Jun-2020;236559.77575011092;35597.97055694352;155190.5772294654;2256621.4798062523;2493181.255556363;236559.77575011092;35597.97055694352;155190.5772294654;2256621.4798062523;2493181.255556363;
16-Jun-2020;236611.7557796664;35606.91328116531;155223.22090833363;2256861.9149793745;2493473.670759041;236611.7557796664;35606.91328116531;155223.22090833363;2256861.9149793745;2493473.670759041;
16-Jun-2020;236663.66656216985;35615.80773767474;155255.63321766854;2257099.6477502645;2493763.3143124343;236663.66656216985;35615.80773767474;155255.63321766854;2257099.6477502645;2493763.3143124343;
17-Jun-2020;236715.50464682287;35624.6537687251;155287.8146667592;2257334.699429365;2494050.2040761877;236715.50464682287;35624.6537687251;155287.8146667592;2257334.699429365;2494050.2040761877;
17-Jun-2020;236767.36725876865;35633.451225667275;155319.7657891539;2257567.0403970466;2494334.407655815;236767.36725876865;35633.451225667275;155319.7657891539;2257567.0403970466;2494334.407655815;
17-Jun-2020;236819.3502295279;35642.19996883952;155351.48714430723;2257796.6406875816;2494615.9909171094;236819.3502295279;35642.19996883952;155351.48714430723;2257796.6406875816;2494615.9909171094;
17-Jun-2020;236871.44738344522;35650.899867474356;155382.97931900958;2258023.521726815;2494894.9691102603;236871.44738344522;35650.899867474356;155382.97931900958;2258023.521726815;2494894.9691102603;
17-Jun-2020;236923.65261654838;35659.55079961079;155414.24292658738;2258247.7048977604;2495171.3575143088;236923.65261654838;35659.55079961079;155414.24292658738;2258247.7048977604;2495171.3575143088;
17-Jun-2020;236975.95989602737;35668.152652000535;155445.2786056144;2258469.211539111;2495445.1714351387;236975.95989602737;35668.152652000535;155445.2786056144;2258469.211539111;2495445.1714351387;
18-Jun-2020;237028.3632597093;35676.70532000771;155476.08701867974;2258688.062943755;2495716.4262034646;237028.3632597093;35676.70532000771;155476.08701867974;2258688.062943755;2495716.4262034646;
18-Jun-2020;237080.9257826028;35685.208707504;155506.66885178784;2258904.266377699;2495985.192160302;237080.9257826028;35685.208707504;155506.66885178784;2258904.266377699;2495985.192160302;
18-Jun-2020;237133.70959430997;35693.66272677132;155537.0248160261;2259117.828446611;2496251.5380409206;237133.70959430997;35693.66272677132;155537.0248160261;2259117.828446611;2496251.5380409206;
18-Jun-2020;237186.70692213674;35702.067298421665;155567.15564901946;2259328.769916076;2496515.476838213;237186.70692213674;35702.067298421665;155567.15564901946;2259328.769916076;2496515.476838213;
18-Jun-2020;237239.91008327028;35710.42235132123;155597.06211394482;2259537.1115305824;2496777.0216138526;237239.91008327028;35710.42235132123;155597.06211394482;2259537.1115305824;2496777.0216138526;
18-Jun-2020;237293.31148411112;35718.72782250641;155626.74499801896;2259742.874010985;2497036.185495096;237293.31148411112;35718.72782250641;155626.74499801896;2259742.874010985;2497036.185495096;
19-Jun-2020;237346.90361958792;35726.98365709146;155656.20511106026;2259946.0780520276;2497292.9816716155;237346.90361958792;35726.98365709146;155656.20511106026;2259946.0780520276;2497292.9816716155;
19-Jun-2020;237400.41269762776;35735.18980817166;155685.44328566844;2260147.157992444;2497547.5706900717;237400.41269762776;35735.18980817166;155685.44328566844;2260147.157992444;2497547.5706900717;
19-Jun-2020;237453.569065856;35743.34623675397;155714.46038344284;2260346.5424839975;2497800.1115498533;237453.569065856;35743.34623675397;155714.46038344284;2260346.5424839975;2497800.1115498533;
19-Jun-2020;237506.37357719484;35751.45291174083;155743.25730067564;2260544.2416189383;2498050.615196133;237506.37357719484;35751.45291174083;155743.25730067564;2260544.2416189383;2498050.615196133;
19-Jun-2020;237558.82715152437;35759.509809932344;155771.83496751994;2260740.265462956;2498299.0926144803;237558.82715152437;35759.509809932344;155771.83496751994;2260740.265462956;2498299.0926144803;
19-Jun-2020;237610.93077166888;35767.516916013476;155800.19434567334;2260934.6240567337;2498545.5548284026;237610.93077166888;35767.516916013476;155800.19434567334;2260934.6240567337;2498545.5548284026;
20-Jun-2020;237662.68547957274;35775.474222524674;155828.33642617578;2261127.3274173313;2498790.0128969043;237662.68547957274;35775.474222524674;155828.33642617578;2261127.3274173313;2498790.0128969043;
20-Jun-2020;237714.79016752954;35783.38172981561;155856.26222645355;2261317.6053874535;2499032.395554983;237714.79016752954;35783.38172981561;155856.26222645355;2261317.6053874535;2499032.395554983;
20-Jun-2020;237767.93299817023;35791.23944596569;155883.9727840857;2261504.6961824577;2499272.629180628;237767.93299817023;35791.23944596569;155883.9727840857;2261504.6961824577;2499272.629180628;
20-Jun-2020;237822.093676818;35799.04738665816;155911.46915086402;2261688.627819194;2499510.721496012;237822.093676818;35799.04738665816;155911.46915086402;2261688.627819194;2499510.721496012;
20-Jun-2020;237877.25209690246;35806.80557502749;155938.75239053997;2261869.4283511396;2499746.680448042;237877.25209690246;35806.80557502749;155938.75239053997;2261869.4283511396;2499746.680448042;
20-Jun-2020;237933.3883397806;35814.514041500275;155965.82357753924;2262047.125860628;2499980.514200409;237933.3883397806;35814.514041500275;155965.82357753924;2262047.125860628;2499980.514200409;
21-Jun-2020;237990.48267439887;35822.17282363193;155992.68379575864;2262221.748451404;2500212.2311258027;237990.48267439887;35822.17282363193;155992.68379575864;2262221.748451404;2500212.2311258027;
21-Jun-2020;238047.36348997583;35829.781965943715;156019.33413937787;2262394.6609371104;2500442.024427086;238047.36348997583;35829.781965943715;156019.33413937787;2262394.6609371104;2500442.024427086;
21-Jun-2020;238102.8774596577;35837.34151980023;156045.77572128634;2262567.2123285183;2500670.089788176;238102.8774596577;35837.34151980023;156045.77572128634;2262567.2123285183;2500670.089788176;
21-Jun-2020;238157.0414832985;35844.85154335993;156072.00968101862;2262739.3979243254;2500896.439407624;238157.0414832985;35844.85154335993;156072.00968101862;2262739.3979243254;2500896.439407624;
21-Jun-2020;238209.87239546943;35852.31210155622;156098.03718462048;2262911.213024783;2501121.0854202523;238209.87239546943;35852.31210155622;156098.03718462048;2262911.213024783;2501121.0854202523;
21-Jun-2020;238261.38695772778;35859.723266067245;156123.8594226259;2263082.652939147;2501344.0398968747;238261.38695772778;35859.723266067245;156123.8594226259;2263082.652939147;2501344.0398968747;
22-Jun-2020;238311.60185142801;35867.08511527181;156149.47760813104;2263253.7129926006;2501565.3148440286;238311.60185142801;35867.08511527181;156149.47760813104;2263253.7129926006;2501565.3148440286;
22-Jun-2020;238361.29342047335;35874.397734192535;156174.89297492764;2263423.6254099538;2501784.918830427;238361.29342047335;35874.397734192535;156174.89297492764;2263423.6254099538;2501784.918830427;
22-Jun-2020;238411.22585400546;35881.66121442651;156200.10677554278;2263591.631081358;2502002.8569353637;238411.22585400546;35881.66121442651;156200.10677554278;2263591.631081358;2502002.8569353637;
22-Jun-2020;238461.3915455729;35888.87565406318;156225.12027923402;2263757.74442647;2502219.1359720426;238461.3915455729;35888.87565406318;156225.12027923402;2263757.74442647;2502219.1359720426;
22-Jun-2020;238511.78301478372;35896.04115759032;156249.9347701197;2263921.979853967;2502433.762868751;238511.78301478372;35896.04115759032;156249.9347701197;2263921.979853967;2502433.762868751;
22-Jun-2020;238562.3929052196;35903.157835789476;156274.5515454359;2264084.3517588535;2502646.744664073;238562.3929052196;35903.157835789476;156274.5515454359;2264084.3517588535;2502646.744664073;
23-Jun-2020;238613.21398234155;35910.225805622154;156298.97191389493;2264244.8745198594;2502858.088502201;238613.21398234155;35910.225805622154;156298.97191389493;2264244.8745198594;2502858.088502201;
23-Jun-2020;238663.8112342186;35917.24519011798;156323.19719943975;2264404.4951313995;2503068.306365618;238663.8112342186;35917.24519011798;156323.19719943975;2264404.4951313995;2503068.306365618;
23-Jun-2020;238713.7566800739;35924.21611837343;156347.22876561593;2264564.1529490524;2503277.909629126;238713.7566800739;35924.21611837343;156347.22876561593;2264564.1529490524;2503277.909629126;
23-Jun-2020;238763.0572537011;35931.138725747725;156371.0680382118;2264723.8473839415;2503486.9046376427;238763.0572537011;35931.138725747725;156371.0680382118;2264723.8473839415;2503486.9046376427;
23-Jun-2020;238811.71997359814;35938.01315413769;156394.71650555555;2264883.5778091163;2503695.2977827145;238811.71997359814;35938.01315413769;156394.71650555555;2264883.5778091163;2503695.2977827145;
23-Jun-2020;238859.7519303292;35944.83955221551;156418.1757136;2265043.3435689597;2503903.0954992888;238859.7519303292;35944.83955221551;156418.1757136;2265043.3435689597;2503903.0954992888;
24-Jun-2020;238907.16027464726;35951.61807562267;156441.44726125634;2265203.1439880077;2504110.304262655;238907.16027464726;35951.61807562267;156441.44726125634;2265203.1439880077;2504110.304262655;
24-Jun-2020;238954.81570890374;35958.34888711889;156464.53279367991;2265361.896752511;2504316.7124614147;238954.81570890374;35958.34888711889;156464.53279367991;2265361.896752511;2504316.7124614147;
24-Jun-2020;239003.57516433863;35965.03215664248;156487.43398683405;2265518.5275820335;2504522.102746372;239003.57516433863;35965.03215664248;156487.43398683405;2265518.5275820335;2504522.102746372;
24-Jun-2020;239053.41845446872;35971.66806124665;156510.1525328053;2265673.054810999;2504726.4732654677;239053.41845446872;35971.66806124665;156510.1525328053;2265673.054810999;2504726.4732654677;
24-Jun-2020;239104.3257470581;35978.25678496429;156532.690134847;2265825.49674464;2504929.8224916984;239104.3257470581;35978.25678496429;156532.690134847;2265825.49674464;2504929.8224916984;
24-Jun-2020;239156.27756132392;35984.79851865385;156555.04850492944;2265975.8716510073;2505132.149212331;239156.27756132392;35984.79851865385;156555.04850492944;2265975.8716510073;2505132.149212331;
25-Jun-2020;239209.25476473503;35991.29345983248;156577.22936145213;2266124.197753654;2505333.452518389;239209.25476473503;35991.29345983248;156577.22936145213;2266124.197753654;2505333.452518389;
25-Jun-2020;239262.26138243242;35997.74181250507;156599.2344308013;2266271.8224376184;2505534.0838200506;239262.26138243242;35997.74181250507;156599.2344308013;2266271.8224376184;2505534.0838200506;
25-Jun-2020;239314.31727637842;36004.14378706606;156621.0654634631;2266420.08427378;2505734.401550159;239314.31727637842;36004.14378706606;156621.0654634631;2266420.08427378;2505734.401550159;
25-Jun-2020;239365.43514473544;36010.49960033665;156642.72424930698;2266568.98040762;2505934.4155523553;239365.43514473544;36010.49960033665;156642.72424930698;2266568.98040762;2505934.4155523553;
25-Jun-2020;239415.62764690525;36016.80947565768;156664.2126175664;2266718.508019648;2506134.1356665534;239415.62764690525;36016.80947565768;156664.2126175664;2266718.508019648;2506134.1356665534;
25-Jun-2020;239464.9073913585;36023.07364295856;156685.53243323247;2266868.664336756;2506333.5717281145;239464.9073913585;36023.07364295856;156685.53243323247;2266868.664336756;2506333.5717281145;
26-Jun-2020;239513.286924331;36029.292338797364;156706.68559363452;2267019.446642847;2506532.733567178;239513.286924331;36029.292338797364;156706.68559363452;2267019.446642847;2506532.733567178;
26-Jun-2020;239561.32022523298;36035.465806371874;156727.67402373775;2267170.1712901243;2506731.4915153575;239561.32022523298;36035.465806371874;156727.67402373775;2267170.1712901243;2506731.4915153575;
26-Jun-2020;239609.55278942478;36041.59429547361;156748.49966588285;2267320.159018284;2506929.711807709;239609.55278942478;36041.59429547361;156748.49966588285;2267320.159018284;2506929.711807709;
26-Jun-2020;239657.9802473645;36047.6780623625;156769.1644700133;2267469.4179697223;2507127.3982170867;239657.9802473645;36047.6780623625;156769.1644700133;2267469.4179697223;2507127.3982170867;
26-Jun-2020;239706.598399741;36053.71736959572;156789.67039013244;2267617.9562351345;2507324.5546348756;239706.598399741;36053.71736959572;156789.67039013244;2267617.9562351345;2507324.5546348756;
26-Jun-2020;239755.40321331337;36059.712485844415;156810.01938238254;2267765.781853477;2507521.1850667903;239755.40321331337;36059.712485844415;156810.01938238254;2267765.781853477;2507521.1850667903;
27-Jun-2020;239804.39081678624;36065.663685702544;156830.21340324727;2267912.90281202;2507717.2936288062;239804.39081678624;36065.663685702544;156830.21340324727;2267912.90281202;2507717.2936288062;
27-Jun-2020;239852.61261515055;36071.57124949229;156850.25440967878;2268060.4444174776;2507913.057032628;239852.61261515055;36071.57124949229;156850.25440967878;2268060.4444174776;2507913.057032628;
27-Jun-2020;239899.1343982142;36077.43546310426;156870.14436643018;2268209.5235211332;2508108.6579193473;239899.1343982142;36077.43546310426;156870.14436643018;2268209.5235211332;2508108.6579193473;
27-Jun-2020;239943.98096297114;36083.256617903906;156889.8852531253;2268360.1283663237;2508304.109329295;239943.98096297114;36083.256617903906;156889.8852531253;2268360.1283663237;2508304.109329295;
27-Jun-2020;239987.17673945683;36089.03501066631;156909.47906394172;2268512.247498153;2508499.42423761;239987.17673945683;36089.03501066631;156909.47906394172;2268512.247498153;2508499.42423761;
27-Jun-2020;240028.7457824663;36094.77094350059;156928.92780556672;2268665.8697732426;2508694.6155557088;240028.7457824663;36094.77094350059;156928.92780556672;2268665.8697732426;2508694.6155557088;
28-Jun-2020;240068.71176418624;36100.464723761805;156948.2334952634;2268820.9843686656;2508889.6961328518;240068.71176418624;36100.464723761805;156948.2334952634;2268820.9843686656;2508889.6961328518;
28-Jun-2020;240108.4710341134;36106.116663937835;156967.39815191968;2268975.5290189395;2509084.000053053;240108.4710341134;36106.116663937835;156967.39815191968;2268975.5290189395;2509084.000053053;
28-Jun-2020;240149.39961070308;36111.72708136749;156986.4237595096;2269127.4559614635;2509276.8555721664;240149.39961070308;36111.72708136749;156986.4237595096;2269127.4559614635;2509276.8555721664;
28-Jun-2020;240191.48045048205;36117.296297674184;157005.31223281703;2269276.786436957;2509468.266887439;240191.48045048205;36117.296297674184;157005.31223281703;2269276.786436957;2509468.266887439;
28-Jun-2020;240234.69678098147;36122.82463807452;157024.06541321136;2269423.5415871004;2509658.238368082;240234.69678098147;36122.82463807452;157024.06541321136;2269423.5415871004;2509658.238368082;
28-Jun-2020;240279.03208536658;36128.312430719125;157042.68507164266;2269567.742461399;2509846.7745467657;240279.03208536658;36128.312430719125;157042.68507164266;2269567.742461399;2509846.7745467657;
29-Jun-2020;240324.4700879542;36133.76000607727;157061.17291153112;2269709.41002358;2510033.880111534;240324.4700879542;36133.76000607727;157061.17291153112;2269709.41002358;2510033.880111534;
29-Jun-2020;240370.1054861281;36139.16769636656;157079.53057340524;2269849.630896429;2510219.736382557;240370.1054861281;36139.16769636656;157079.53057340524;2269849.630896429;2510219.736382557;
29-Jun-2020;240415.0456468642;36144.53583506341;157097.7596466584;2269989.4820421827;2510404.5276890467;240415.0456468642;36144.53583506341;157097.7596466584;2269989.4820421827;2510404.5276890467;
29-Jun-2020;240459.29965678358;36149.864756522795;157115.8616807016;2270128.9636106044;2510588.263267388;240459.29965678358;36149.864756522795;157115.8616807016;2270128.9636106044;2510588.263267388;
29-Jun-2020;240502.87641782;36155.154795664566;157133.83818826667;2270268.07583482;2510770.95225264;240502.87641782;36155.154795664566;157133.83818826667;2270268.07583482;2510770.95225264;
29-Jun-2020;240545.7846534816;36160.406287683916;157151.69064675385;2270406.8190263594;2510952.603679841;240545.7846534816;36160.406287683916;157151.69064675385;2270406.8190263594;2510952.603679841;
30-Jun-2020;240588.03291484347;36165.61956778126;157169.42049952448;2270545.1935704467;2511133.22648529;240588.03291484347;36165.61956778126;157169.42049952448;2270545.1935704467;2511133.22648529;
30-Jun-2020;240629.4789895632;36170.79497090847;157187.0291561155;2270683.2528912597;2511312.731880823;240629.4789895632;36170.79497090847;157187.0291561155;2270683.2528912597;2511312.731880823;
30-Jun-2020;240669.98253512054;36175.93283150986;157204.51798845237;2270821.0500555276;2511491.032590648;240669.98253512054;36175.93283150986;157204.51798845237;2270821.0500555276;2511491.032590648;
30-Jun-2020;240709.5556345117;36181.0334832405;157221.888327427;2270958.5840067;2511668.139641212;240709.5556345117;36181.0334832405;157221.888327427;2270958.5840067;2511668.139641212;
30-Jun-2020;240748.21013003663;36186.097258684604;157239.14146380886;2271095.8537902054;2511844.0639202422;240748.21013003663;36186.097258684604;157239.14146380886;2271095.8537902054;2511844.0639202422;
30-Jun-2020;240785.95763351436;36191.12448909574;157256.27865013052;2271232.8585454375;2512018.816178952;240785.95763351436;36191.12448909574;157256.27865013052;2271232.8585454375;2512018.816178952;
01-Jul-2020;240822.80953595307;36196.1155041594;157273.30110248612;2271369.59749825;2512192.4070342034;240822.80953595307;36196.1155041594;157273.30110248612;2271369.59749825;2512192.4070342034;
01-Jul-2020;240859.15718219194;36201.07063177068;157290.20999918084;2271505.398095515;2512364.555277707;240859.15718219194;36201.07063177068;157290.20999918084;2271505.398095515;2512364.555277707;
01-Jul-2020;240895.3866293664;36205.99019776357;157307.0064674897;2271639.5972207896;2512534.983850156;240895.3866293664;36205.99019776357;157307.0064674897;2271639.5972207896;2512534.983850156;
01-Jul-2020;240931.49852748844;36210.874525542116;157323.69157155228;2271772.210798382;2512703.70932587;240931.49852748844;36210.874525542116;157323.69157155228;2271772.210798382;2512703.70932587;
01-Jul-2020;240967.49341487527;36215.72393568208;157340.26631326566;2271903.254644204;2512870.748059079;240967.49341487527;36215.72393568208;157340.26631326566;2271903.254644204;2512870.748059079;
01-Jul-2020;241003.37172475364;36220.5387455698;157356.73163615545;2272032.7444626987;2513036.1161874523;241003.37172475364;36220.5387455698;157356.73163615545;2272032.7444626987;2513036.1161874523;
02-Jul-2020;241039.13379158013;36225.31926908129;157373.08842905168;2272160.6958440943;2513199.8296356746;241039.13379158013;36225.31926908129;157373.08842905168;2272160.6958440943;2513199.8296356746;
02-Jul-2020;241075.3000232067;36230.065816292125;157389.3375261341;2272286.2765527815;2513361.576575988;241075.3000232067;36230.065816292125;157389.3375261341;2272286.2765527815;2513361.576575988;
02-Jul-2020;241112.38385066437;36234.778693146;157405.4796935861;2272408.669662489;2513521.0535131535;241112.38385066437;36234.778693146;157405.4796935861;2272408.669662489;2513521.0535131535;
02-Jul-2020;241150.37158826142;36239.458201025496;157421.51561759517;2272527.916785264;2513678.2883735253;241150.37158826142;36239.458201025496;157421.51561759517;2272527.916785264;2513678.2883735253;
02-Jul-2020;241189.24950894405;36244.10463630255;157437.44590697528;2272644.0591285005;2513833.3086374444;241189.24950894405;36244.10463630255;157437.44590697528;2272644.0591285005;2513833.3086374444;
02-Jul-2020;241229.00383690163;36248.71828994262;157453.27109904506;2272757.1375118867;2513986.141348788;241229.00383690163;36248.71828994262;157453.27109904506;2272757.1375118867;2513986.141348788;
03-Jul-2020;241269.6207414511;36253.29944716482;157468.99166518668;2272867.192383144;2514136.813124595;241269.6207414511;36253.29944716482;157468.99166518668;2272867.192383144;2514136.813124595;
03-Jul-2020;241310.66574200604;36257.84838715432;157484.6080162891;2272974.7025107928;2514285.368252799;241310.66574200604;36257.84838715432;157484.6080162891;2272974.7025107928;2514285.368252799;
03-Jul-2020;241351.70990163405;36262.365382826865;157500.12050865355;2273080.1419854383;2514431.8518870724;241351.70990163405;36262.365382826865;157500.12050865355;2273080.1419854383;2514431.8518870724;
03-Jul-2020;241392.75039469512;36266.85070064508;157515.52944961036;2273183.540851248;2514576.291245943;241392.75039469512;36266.85070064508;157515.52944961036;2273183.540851248;2514576.291245943;
03-Jul-2020;241433.7842927421;36271.30460047922;157530.83510210318;2273284.9287555763;2514718.7130483184;241433.7842927421;36271.30460047922;157530.83510210318;2273284.9287555763;2514718.7130483184;
03-Jul-2020;241474.8085725658;36275.72733550486;157546.03768882496;2273384.3349542273;2514859.143526793;241474.8085725658;36275.72733550486;157546.03768882496;2273384.3349542273;2514859.143526793;
04-Jul-2020;241515.82012393553;36280.119152134226;157561.13739610804;2273481.7883167486;2514997.608440684;241515.82012393553;36280.119152134226;157561.13739610804;2273481.7883167486;2514997.608440684;
04-Jul-2020;241557.67244427642;36284.48028997258;157576.13437471513;2273576.1882443978;2515133.8606886743;241557.67244427642;36284.48028997258;157576.13437471513;2273576.1882443978;2515133.8606886743;
04-Jul-2020;241601.207151873;36288.8109817391;157591.0287294397;2273666.4541934403;2515267.6613453133;241601.207151873;36288.8109817391;157591.0287294397;2273666.4541934403;2515267.6613453133;
04-Jul-2020;241646.3972656913;36293.11145310537;157605.82050982;2273752.6502807937;2515399.047546485;241646.3972656913;36293.11145310537;157605.82050982;2273752.6502807937;2515399.047546485;
04-Jul-2020;241693.2156574918;36297.381922515604;157620.50971299032;2273834.8400670323;2515528.055724524;241693.2156574918;36297.381922515604;157620.50971299032;2273834.8400670323;2515528.055724524;
04-Jul-2020;241741.63504234375;36301.62260105007;157635.0962891736;2273913.086586758;2515654.721629102;241741.63504234375;36301.62260105007;157635.0962891736;2273913.086586758;2515654.721629102;
05-Jul-2020;241791.627971614;36305.83369233301;157649.58014683914;2273987.4523760895;2515779.080347704;241791.627971614;36305.83369233301;157649.58014683914;2273987.4523760895;2515779.080347704;
05-Jul-2020;241842.07425768668;36310.0153924905;157663.96116231976;2274059.5462905443;2515901.620548231;241842.07425768668;36310.0153924905;157663.96116231976;2274059.5462905443;2515901.620548231;
05-Jul-2020;241891.8693600083;36314.167890250945;157678.23920742504;2274130.9471257543;2516022.8164857626;241891.8693600083;36314.167890250945;157678.23920742504;2274130.9471257543;2516022.8164857626;
05-Jul-2020;241941.01708810235;36318.29136725922;157692.41417458377;2274201.6639452092;2516142.6810333114;241941.01708810235;36318.29136725922;157692.41417458377;2274201.6639452092;2516142.6810333114;
05-Jul-2020;241989.52134399218;36322.385998490034;157706.48598115813;2274271.7055759085;2516261.2269199006;241989.52134399218;36322.385998490034;157706.48598115813;2274271.7055759085;2516261.2269199006;
05-Jul-2020;242037.3861178901;36326.45195265181;157720.45456877674;2274341.080615756;2516378.466733646;242037.3861178901;36326.45195265181;157720.45456877674;2274341.080615756;2516378.466733646;
06-Jul-2020;242084.61548398362;36330.48939257235;157734.31990267642;2274409.797440742;2516494.4129247256;242084.61548398362;36330.48939257235;157734.31990267642;2274409.797440742;2516494.4129247256;
06-Jul-2020;242131.1700492881;36334.49847556827;157748.08197176774;2274477.975775583;2516609.1458248715;242131.1700492881;36334.49847556827;157748.08197176774;2274477.975775583;2516609.1458248715;
06-Jul-2020;242177.01116646986;36338.4793538134;157761.74079145788;2274545.7330021528;2516722.7441686224;242177.01116646986;36338.4793538134;157761.74079145788;2274545.7330021528;2516722.7441686224;
06-Jul-2020;242222.14448906333;36342.43217471802;157775.2964061807;2274613.073352692;2516835.2178417556;242222.14448906333;36342.43217471802;157775.2964061807;2274613.073352692;2516835.2178417556;
06-Jul-2020;242266.57576120293;36346.35708130294;157788.74888887512;2274680.0008809017;2516946.5766421044;242266.57576120293;36346.35708130294;157788.74888887512;2274680.0008809017;2516946.5766421044;
06-Jul-2020;242310.31081058225;36350.25421255342;157802.09833976394;2274746.5194702577;2517056.83028084;242310.31081058225;36350.25421255342;157802.09833976394;2274746.5194702577;2517056.83028084;
07-Jul-2020;242353.35554171627;36354.123703752404;157815.34488517602;2274812.632841982;2517165.9883836983;242353.35554171627;36354.123703752404;157815.34488517602;2274812.632841982;2517165.9883836983;
07-Jul-2020;242396.4677753225;36357.96568679104;157828.4886747996;2274877.439389681;2517273.9071650035;242396.4677753225;36357.96568679104;157828.4886747996;2274877.439389681;2517273.9071650035;
07-Jul-2020;242440.39359307307;36361.78029042465;157841.5298727505;2274940.050087096;2517380.443680169;242440.39359307307;36361.78029042465;157841.5298727505;2274940.050087096;2517380.443680169;
07-Jul-2020;242485.11548837498;36365.567640449364;157854.4686492625;2275000.493272964;2517485.608761339;242485.11548837498;36365.567640449364;157854.4686492625;2275000.493272964;2517485.608761339;
07-Jul-2020;242530.61601627723;36369.32785983655;157867.30517925174;2275058.7972338228;2517589.4132501;242530.61601627723;36369.32785983655;157867.30517925174;2275058.7972338228;2517589.4132501;
07-Jul-2020;242576.87779589408;36373.061068861505;157880.03964252933;2275114.9902002453;2517691.8679961395;242576.87779589408;36373.061068861505;157880.03964252933;2275114.9902002453;2517691.8679961395;
08-Jul-2020;242623.8835128573;36376.76738522945;157892.6722239964;2275169.1003430584;2517792.9838559157;242623.8835128573;36376.76738522945;157892.6722239964;2275169.1003430584;2517792.9838559157;
08-Jul-2020;242671.25970579882;36380.44692420171;157905.20311533217;2275221.6556288567;2517892.9153346554;242671.25970579882;36380.44692420171;157905.20311533217;2275221.6556288567;2517892.9153346554;
08-Jul-2020;242718.63880711998;36384.09979875266;157917.63252248045;2275273.1758763306;2517991.8146834504;242718.63880711998;36384.09979875266;157917.63252248045;2275273.1758763306;2517991.8146834504;
08-Jul-2020;242766.0153765975;36387.72611978128;157929.96067251702;2275323.673999123;2518089.6893757205;242766.0153765975;36387.72611978128;157929.96067251702;2275323.673999123;2518089.6893757205;
08-Jul-2020;242813.384078642;36391.32599634284;157942.18781405914;2275373.1627979227;2518186.5468765646;242813.384078642;36391.32599634284;157942.18781405914;2275373.1627979227;2518186.5468765646;
08-Jul-2020;242860.73968065006;36394.89953586733;157954.31421615707;2275421.6549614393;2518282.3946420895;242860.73968065006;36394.89953586733;157954.31421615707;2275421.6549614393;2518282.3946420895;
09-Jul-2020;242908.07705137192;36398.4468443625;157966.3401672335;2275469.16306736;2518377.2401187317;242908.07705137192;36398.4468443625;157966.3401672335;2275469.16306736;2518377.2401187317;
09-Jul-2020;242954.7383124722;36401.968026606984;157978.26597636356;2275516.570934336;2518471.3092468083;242954.7383124722;36401.968026606984;157978.26597636356;2275516.570934336;2518471.3092468083;
09-Jul-2020;243000.0766911298;36405.46318638065;157990.09198347508;2275564.7502602236;2518564.826951354;243000.0766911298;36405.46318638065;157990.09198347508;2275564.7502602236;2518564.826951354;
09-Jul-2020;243044.10935159735;36408.93242677012;158001.81856877415;2275613.689770895;2518657.7991224923;243044.10935159735;36408.93242677012;158001.81856877415;2275613.689770895;2518657.7991224923;
09-Jul-2020;243086.85351534042;36412.375850498254;158013.44615248183;2275663.378099781;2518750.2316151215;243086.85351534042;36412.375850498254;158013.44615248183;2275663.378099781;2518750.2316151215;
09-Jul-2020;243128.32643936868;36415.79356022772;158024.97519231917;2275713.803807798;2518842.1302471664;243128.32643936868;36415.79356022772;158024.97519231917;2275713.803807798;2518842.1302471664;
10-Jul-2020;243168.54539596706;36419.18565883623;158036.40618110826;2275764.955402029;2518933.5007979963;243168.54539596706;36419.18565883623;158036.40618110826;2275764.955402029;2518933.5007979963;
10-Jul-2020;243208.08598861835;36422.55224966289;158047.73964340147;2275816.159817213;2519024.2458058316;243208.08598861835;36422.55224966289;158047.73964340147;2275816.159817213;2519024.2458058316;
10-Jul-2020;243247.51420976405;36425.89343670558;158058.9761280062;2275866.7526087495;2519114.2668185136;243247.51420976405;36425.89343670558;158058.9761280062;2275866.7526087495;2519114.2668185136;
10-Jul-2020;243286.82815650594;36429.20932475296;158070.11620093818;2275916.739958476;2519203.5681149815;243286.82815650594;36429.20932475296;158070.11620093818;2275916.739958476;2519203.5681149815;
10-Jul-2020;243326.02601266457;36432.500019476945;158081.16044302675;2275966.1279799067;2519292.1539925714;243326.02601266457;36432.500019476945;158081.16044302675;2275966.1279799067;2519292.1539925714;
10-Jul-2020;243365.1060456341;36435.76562751057;158092.10944869986;2276014.9227198213;2519380.0287654554;243365.1060456341;36435.76562751057;158092.10944869986;2276014.9227198213;2519380.0287654554;
11-Jul-2020;243404.06660333986;36439.00625651451;158102.96382483153;2276063.130159773;2519467.1967631127;243404.06660333986;36439.00625651451;158102.96382483153;2276063.130159773;2519467.1967631127;
11-Jul-2020;243442.47959789608;36442.22201523617;158113.72419131652;2276111.34156729;2519553.821165186;243442.47959789608;36442.22201523617;158113.72419131652;2276111.34156729;2519553.821165186;
11-Jul-2020;243479.92446025062;36445.41301359598;158124.39118817143;2276160.1412644866;2519640.065724737;243479.92446025062;36445.41301359598;158124.39118817143;2276160.1412644866;2519640.065724737;
11-Jul-2020;243516.41460406184;36448.57936282894;158134.96548215047;2276209.5210096124;2519725.935613674;243516.41460406184;36448.57936282894;158134.96548215047;2276209.5210096124;2519725.935613674;
11-Jul-2020;243551.96341340482;36451.72117564466;158145.44776637817;2276259.472552453;2519811.435965858;243551.96341340482;36451.72117564466;158145.44776637817;2276259.472552453;2519811.435965858;
11-Jul-2020;243586.58422987734;36454.83856637001;158155.83875836383;2276309.987646357;2519896.5718762344;243586.58422987734;36454.83856637001;158155.83875836383;2276309.987646357;2519896.5718762344;
12-Jul-2020;243620.29034061095;36457.931651072446;158166.139198112;2276361.058059451;2519981.348400062;243620.29034061095;36457.931651072446;158166.139198112;2276361.058059451;2519981.348400062;
12-Jul-2020;243653.6344307658;36461.000547661366;158176.34984417987;2276411.931749681;2520065.5661804467;243653.6344307658;36461.000547661366;158176.34984417987;2276411.931749681;2520065.5661804467;
12-Jul-2020;243687.15966208716;36464.04537592496;158186.47146150077;2276461.865621757;2520149.025283844;243687.15966208716;36464.04537592496;158186.47146150077;2276461.865621757;2520149.025283844;
12-Jul-2020;243720.8602858953;36467.06625746905;158196.5048099948;2276510.8696146277;2520231.729900523;243720.8602858953;36467.06625746905;158196.5048099948;2276510.8696146277;2520231.729900523;
12-Jul-2020;243754.73063505627;36470.06331560699;158206.45064231835;2276558.95362351;2520313.6842585662;243754.73063505627;36470.06331560699;158206.45064231835;2276558.95362351;2520313.6842585662;
12-Jul-2020;243788.76512253613;36473.03667524885;158216.30970383747;2276606.127499093;2520394.892621629;243788.76512253613;36473.03667524885;158216.30970383747;2276606.127499093;2520394.892621629;
13-Jul-2020;243822.95823998732;36475.98646279415;158226.08273261247;2276652.40104679;2520475.3592867777;243822.95823998732;36475.98646279415;158226.08273261247;2276652.40104679;2520475.3592867777;
13-Jul-2020;243857.00197804163;36478.91280602971;158235.77046028298;2276698.1714299805;2520555.173408022;243857.00197804163;36478.91280602971;158235.77046028298;2276698.1714299805;2520555.173408022;
13-Jul-2020;243890.59370557507;36481.81583405071;158245.37361641615;2276743.8306602733;2520634.4243658483;243890.59370557507;36481.81583405071;158245.37361641615;2276743.8306602733;2520634.4243658483;
13-Jul-2020;243923.73869657432;36484.69567721943;158254.8929325706;2276789.378099681;2520713.116796255;243923.73869657432;36484.69567721943;158254.8929325706;2276789.378099681;2520713.116796255;
13-Jul-2020;243956.4421976253;36487.55246714163;158264.32914260696;2276834.813104973;2520791.2553025987;243956.4421976253;36487.55246714163;158264.32914260696;2276834.813104973;2520791.2553025987;
13-Jul-2020;243988.7094257825;36490.386336640884;158273.68298211336;2276880.1350297076;2520868.84445549;243988.7094257825;36490.386336640884;158273.68298211336;2276880.1350297076;2520868.84445549;
14-Jul-2020;244020.5455665938;36493.19741972964;158282.95518786254;2276925.3432261166;2520945.8887927104;244020.5455665938;36493.19741972964;158282.95518786254;2276925.3432261166;2520945.8887927104;
14-Jul-2020;244052.11116266123;36495.985851576246;158292.14649683618;2276970.237534047;2521022.348696708;244052.11116266123;36495.985851576246;158292.14649683618;2276970.237534047;2521022.348696708;
14-Jul-2020;244083.56400233234;36498.75176845909;158301.25764348145;2277014.6203942983;2521098.1843966306;244083.56400233234;36498.75176845909;158301.25764348145;2277014.6203942983;2521098.1843966306;
14-Jul-2020;244114.9037562145;36501.49530770042;158310.28935714666;2277058.496413985;2521173.400170199;244114.9037562145;36501.49530770042;158310.28935714666;2277058.496413985;2521173.400170199;
14-Jul-2020;244146.13011413507;36504.21660759058;158319.24236149903;2277101.8701730343;2521248.000287169;244146.13011413507;36504.21660759058;158319.24236149903;2277101.8701730343;2521248.000287169;
14-Jul-2020;244177.24278440955;36506.91580731318;158328.1173744317;2277144.7462242;2521321.9890086097;244177.24278440955;36506.91580731318;158328.1173744317;2277144.7462242;2521321.9890086097;
15-Jul-2020;244208.24149313982;36509.593046871996;158336.91510798136;2277187.1290930742;2521395.370586214;244208.24149313982;36509.593046871996;158336.91510798136;2277187.1290930742;2521395.370586214;
15-Jul-2020;244239.0950818518;36512.2484670199;158345.63626834936;2277229.063042688;2521468.15812454;244239.0950818518;36512.2484670199;158345.63626834936;2277229.063042688;2521468.15812454;
15-Jul-2020;244269.7729480526;36514.882209191645;158354.2815562931;2277270.5917846584;2521540.364732711;244269.7729480526;36514.882209191645;158354.2815562931;2277270.5917846584;2521540.364732711;
15-Jul-2020;244300.2759407809;36517.49441544216;158362.8516674956;2277311.7187081296;2521611.9946489106;244300.2759407809;36517.49441544216;158362.8516674956;2277311.7187081296;2521611.9946489106;
15-Jul-2020;244330.60491328425;36520.08522838809;158371.34729255046;2277352.447180504;2521683.052093788;244330.60491328425;36520.08522838809;158371.34729255046;2277352.447180504;2521683.052093788;
15-Jul-2020;244360.76072244174;36522.65479115068;158379.76911686175;2277392.7805476286;2521753.5412700702;244360.76072244174;36522.65479115068;158379.76911686175;2277392.7805476286;2521753.5412700702;
16-Jul-2020;244390.74422821793;36525.20324729984;158388.11782055374;2277432.7221339704;2521823.466362188;244390.74422821793;36525.20324729984;158388.11782055374;2277432.7221339704;2521823.466362188;
16-Jul-2020;244421.03642646808;36527.730740796505;158396.39407693088;2277471.6560909706;2521892.692517439;244421.03642646808;36527.730740796505;158396.39407693088;2277471.6560909706;2521892.692517439;
16-Jul-2020;244452.1099560522;36530.23741590383;158404.59854529175;2277508.9749833634;2521961.0849394156;244452.1099560522;36530.23741590383;158404.59854529175;2277508.9749833634;2521961.0849394156;
16-Jul-2020;244483.9490452035;36532.72341704349;158412.73186424916;2277544.6989336056;2522028.647978809;244483.9490452035;36532.72341704349;158412.73186424916;2277544.6989336056;2522028.647978809;
16-Jul-2020;244516.53808038094;36535.188888629986;158420.79465123636;2277578.8480286687;2522095.3861090494;244516.53808038094;36535.188888629986;158420.79465123636;2277578.8480286687;2522095.3861090494;
16-Jul-2020;244549.86159956874;36537.63397491515;158428.78750348595;2277611.442321181;2522161.3039207496;244549.86159956874;36537.63397491515;158428.78750348595;2277611.442321181;2522161.3039207496;
17-Jul-2020;244583.9042860556;36540.058819844984;158436.71099897556;2277642.501830321;2522226.4061163766;244583.9042860556;36540.058819844984;158436.71099897556;2277642.501830321;2522226.4061163766;
17-Jul-2020;244617.933150734;36542.46356693239;158444.56569952267;2277672.9721406945;2522290.9052914283;244617.933150734;36542.46356693239;158444.56569952267;2277672.9721406945;2522290.9052914283;
17-Jul-2020;244651.22787385952;36544.84835918954;158452.35216229685;2277703.7859242815;2522355.013798141;244651.22787385952;36544.84835918954;158452.35216229685;2277703.7859242815;2522355.013798141;
17-Jul-2020;244683.7985179703;36547.21333915443;158460.0709505485;2277734.9375031833;2522418.7360211536;244683.7985179703;36547.21333915443;158460.0709505485;2277734.9375031833;2522418.7360211536;
17-Jul-2020;244715.65508184835;36549.55864896204;158467.7226350693;2277766.4212188;2522482.076300648;244715.65508184835;36549.55864896204;158467.7226350693;2277766.4212188;2522482.076300648;
17-Jul-2020;244746.80749572226;36551.88443041148;158475.3077934379;2277798.2314366545;2522545.0389323765;244746.80749572226;36551.88443041148;158475.3077934379;2277798.2314366545;2522545.0389323765;
18-Jul-2020;244777.2656168328;36554.19082502534;158482.82700930274;2277830.362550893;2522607.6281677256;244777.2656168328;36554.19082502534;158482.82700930274;2277830.362550893;2522607.6281677256;
18-Jul-2020;244807.41379774944;36556.47797409962;158490.2808705478;2277862.3246370708;2522669.73843482;244807.41379774944;36556.47797409962;158490.2808705478;2277862.3246370708;2522669.73843482;
18-Jul-2020;244837.62977509844;36558.7460187213;158497.66996302546;2277893.634278673;2522731.2640537717;244837.62977509844;36558.7460187213;158497.66996302546;2277893.634278673;2522731.2640537717;
18-Jul-2020;244867.91015707765;36560.9950997354;158504.9948647086;2277924.2989237057;2522792.209080783;244867.91015707765;36560.9950997354;158504.9948647086;2277924.2989237057;2522792.209080783;
18-Jul-2020;244898.25159239804;36563.22535768768;158512.2561447463;2277954.325978735;2522852.577571133;244898.25159239804;36563.22535768768;158512.2561447463;2277954.325978735;2522852.577571133;
18-Jul-2020;244928.65076971587;36565.43693276894;158519.45436370236;2277983.722808609;2522912.3735783244;244928.65076971587;36565.43693276894;158519.45436370236;2277983.722808609;2522912.3735783244;
19-Jul-2020;244959.10441709068;36567.6299647629;158526.5900737874;2278012.4967361703;2522971.601153261;244959.10441709068;36567.6299647629;158526.5900737874;2278012.4967361703;2522971.601153261;
19-Jul-2020;244989.06814125212;36569.80459300074;158533.6638207579;2278041.35557021;2523030.4237114624;244989.06814125212;36569.80459300074;158533.6638207579;2278041.35557021;2523030.4237114624;
19-Jul-2020;245018.00702628325;36571.960956356175;158540.67615229412;2278070.997757321;2523089.0047836043;245018.00702628325;36571.960956356175;158540.67615229412;2278070.997757321;2523089.0047836043;
19-Jul-2020;245045.93670594264;36574.099193307935;158547.62762581193;2278101.4118623477;2523147.3485682905;245045.93670594264;36574.099193307935;158547.62762581193;2278101.4118623477;2523147.3485682905;
19-Jul-2020;245072.87267258257;36576.21944203211;158554.51880919773;2278132.5865610847;2523205.4592336672;245072.87267258257;36576.21944203211;158554.51880919773;2278132.5865610847;2523205.4592336672;
19-Jul-2020;245098.8302689985;36578.32184048731;158561.35027986582;2278164.5106475838;2523263.3409165824;245098.8302689985;36578.32184048731;158561.35027986582;2278164.5106475838;2523263.3409165824;
20-Jul-2020;245123.82468096598;36580.4065264901;158568.1226238625;2278197.173040882;2523320.997721848;245123.82468096598;36580.4065264901;158568.1226238625;2278197.173040882;2523320.997721848;
20-Jul-2020;245148.4224945605;36582.47363777805;158574.83643327985;2278229.845943397;2523378.2684379574;245148.4224945605;36582.47363777805;158574.83643327985;2278229.845943397;2523378.2684379574;
20-Jul-2020;245173.18057701693;36584.52331202573;158581.49229698366;2278261.8108944814;2523434.9914714983;245173.18057701693;36584.52331202573;158581.49229698366;2278261.8108944814;2523434.9914714983;
20-Jul-2020;245198.0946196162;36586.55568678612;158588.0907919537;2278293.0757200173;2523491.1703396337;245198.0946196162;36586.55568678612;158588.0907919537;2278293.0757200173;2523491.1703396337;
20-Jul-2020;245223.16036003726;36588.570899396764;158594.6324819907;2278323.6482108803;2523546.8085709177;245223.16036003726;36588.570899396764;158594.6324819907;2278323.6482108803;2523546.8085709177;
20-Jul-2020;245248.37358127057;36590.56908688941;158601.11791819605;2278353.5361227877;2523601.9097040584;245248.37358127057;36590.56908688941;158601.11791819605;2278353.5361227877;2523601.9097040584;
21-Jul-2020;245273.7301106008;36592.55038590622;158607.54763943478;2278382.747176126;2523656.4772867267;245273.7301106008;36592.55038590622;158607.54763943478;2278382.747176126;2523656.4772867267;
21-Jul-2020;245299.19238864127;36594.5149326223;158613.92217288827;2278411.332542045;2523710.524930686;245299.19238864127;36594.5149326223;158613.92217288827;2278411.332542045;2523710.524930686;
21-Jul-2020;245324.72347422375;36596.46286267644;158620.2420350003;2278439.3427612125;2523764.066235436;245324.72347422375;36596.46286267644;158620.2420350003;2278439.3427612125;2523764.066235436;
21-Jul-2020;245350.3204681717;36598.394311111464;158626.50773237136;2278466.784266258;2523817.1047344296;245350.3204681717;36598.394311111464;158626.50773237136;2278466.784266258;2523817.1047344296;
21-Jul-2020;245375.980501501;36600.309412321534;158632.71976219132;2278493.6634566113;2523869.643958112;245375.980501501;36600.309412321534;158632.71976219132;2278493.6634566113;2523869.643958112;
21-Jul-2020;245401.70073501466;36602.208300003724;158638.87861255195;2278519.986698234;2523921.687433249;245401.70073501466;36602.208300003724;158638.87861255195;2278519.986698234;2523921.687433249;
22-Jul-2020;245427.4783589239;36604.09110711353;158644.98476274897;2278545.760323353;2523973.238682277;245427.4783589239;36604.09110711353;158644.98476274897;2278545.760323353;2523973.238682277;
22-Jul-2020;245453.00530907957;36605.95796582593;158651.038684542;2278571.388138431;2524024.393447511;245453.00530907957;36605.95796582593;158651.038684542;2278571.388138431;2524024.393447511;
22-Jul-2020;245477.97879374877;36607.8090075215;158657.0408471561;2278597.2686268636;2524075.2474206123;245477.97879374877;36607.8090075215;158657.0408471561;2278597.2686268636;2524075.2474206123;
22-Jul-2020;245502.40652913548;36609.64436281304;158662.9917219445;2278623.3974872814;2524125.804016417;245502.40652913548;36609.64436281304;158662.9917219445;2278623.3974872814;2524125.804016417;
22-Jul-2020;245526.2961633489;36611.46416159075;158668.89178294598;2278649.770449449;2524176.066612798;245526.2961633489;36611.46416159075;158668.89178294598;2278649.770449449;2524176.066612798;
22-Jul-2020;245549.6552741264;36613.2685330646;158674.74150646492;2278676.3832767345;2524226.0385508607;245549.6552741264;36613.2685330646;158674.74150646492;2278676.3832767345;2524226.0385508607;
23-Jul-2020;245572.4913667578;36615.05760580209;158680.5413706728;2278703.231768397;2524275.723135155;245572.4913667578;36615.05760580209;158680.5413706728;2278703.231768397;2524275.723135155;
23-Jul-2020;245594.90324097735;36616.83150776143;158686.29185493663;2278730.1924352925;2524325.09567627;245594.90324097735;36616.83150776143;158686.29185493663;2278730.1924352925;2524325.09567627;
23-Jul-2020;245616.98806093156;36618.590366314194;158691.99343802888;2278757.143340444;2524374.131401376;245616.98806093156;36618.590366314194;158691.99343802888;2278757.143340444;2524374.131401376;
23-Jul-2020;245638.75000181532;36620.334308253136;158697.64659645347;2278784.083436598;2524422.833438413;245638.75000181532;36620.334308253136;158697.64659645347;2278784.083436598;2524422.833438413;
23-Jul-2020;245660.19319433678;36622.06345979192;158703.25180402913;2278811.0116888895;2524471.204883226;245660.19319433678;36622.06345979192;158703.25180402913;2278811.0116888895;2524471.204883226;
23-Jul-2020;245681.32172457097;36623.77794656348;158708.8095317833;2278837.927075303;2524519.248799874;245681.32172457097;36623.77794656348;158708.8095317833;2278837.927075303;2524519.248799874;
24-Jul-2020;245702.13963385366;36625.477893617666;158714.3202478534;2278864.828587088;2524566.9682209413;245702.13963385366;36625.477893617666;158714.3202478534;2278864.828587088;2524566.9682209413;
24-Jul-2020;245722.88580859033;36627.163425416766;158719.78441663276;2278891.40775275;2524614.2935613403;245722.88580859033;36627.163425416766;158719.78441663276;2278891.40775275;2524614.2935613403;
24-Jul-2020;245743.79511371287;36628.83466581353;158725.20249497078;2278917.360129646;2524661.155243359;245743.79511371287;36628.83466581353;158725.20249497078;2278917.360129646;2524661.155243359;
24-Jul-2020;245764.8635445267;36630.49173799936;158730.57492863867;2278942.692749898;2524707.5562944245;245764.8635445267;36630.49173799936;158730.57492863867;2278942.692749898;2524707.5562944245;
24-Jul-2020;245786.0871344547;36632.13476443996;158735.9021520256;2278967.4126160983;2524753.499750553;245786.0871344547;36632.13476443996;158735.9021520256;2278967.4126160983;2524753.499750553;
24-Jul-2020;245807.46195407663;36633.763866815185;158741.18458860365;2278991.5267012776;2524798.9886553544;245807.46195407663;36633.763866815185;158741.18458860365;2278991.5267012776;2524798.9886553544;
25-Jul-2020;245828.98411024237;36635.37916596432;158746.42265137515;2279015.0419488377;2524844.02605908;245828.98411024237;36635.37916596432;158746.42265137515;2279015.0419488377;2524844.02605908;
25-Jul-2020;245850.33180514252;36636.980781838334;158751.61674429552;2279038.3777188114;2524888.709523954;245850.33180514252;36636.980781838334;158751.61674429552;2279038.3777188114;2524888.709523954;
25-Jul-2020;245871.18863264692;36638.5688334791;158756.76726752368;2279061.9479298806;2524933.1365625276;245871.18863264692;36638.5688334791;158756.76726752368;2279061.9479298806;2524933.1365625276;
25-Jul-2020;245891.56146839852;36640.143439041174;158761.87462231916;2279085.7486619796;2524977.310130378;245891.56146839852;36640.143439041174;158761.87462231916;2279085.7486619796;2524977.310130378;
25-Jul-2020;245911.45712218335;36641.70471583375;158766.93921172622;2279109.7760284985;2525021.233150682;245911.45712218335;36641.70471583375;158766.93921172622;2279109.7760284985;2525021.233150682;
25-Jul-2020;245930.88233624838;36643.252780360555;158771.96144025074;2279134.0261781625;2525064.9085144107;245930.88233624838;36643.252780360555;158771.96144025074;2279134.0261781625;2525064.9085144107;
26-Jul-2020;245949.84378377983;36644.787748356095;158776.94171355353;2279158.4952967623;2525108.3390805423;245949.84378377983;36644.787748356095;158776.94171355353;2279158.4952967623;2525108.3390805423;
26-Jul-2020;245968.63278102738;36646.309734816576;158781.88043718322;2279182.8019165047;2525151.434697532;245968.63278102738;36646.309734816576;158781.88043718322;2279182.8019165047;2525151.434697532;
26-Jul-2020;245987.53581021054;36647.81885400588;158786.77801154347;2279206.56951858;2525194.105328791;245987.53581021054;36647.81885400588;158786.77801154347;2279206.56951858;2525194.105328791;
26-Jul-2020;246006.5498534852;36649.31521942111;158791.6348272106;2279229.804126924;2525236.353980409;246006.5498534852;36649.31521942111;158791.6348272106;2279229.804126924;2525236.353980409;
26-Jul-2020;246025.67191660329;36650.79894373972;158796.45126439744;2279252.511739203;2525278.183655806;246025.67191660329;36650.79894373972;158796.45126439744;2279252.511739203;2525278.183655806;
26-Jul-2020;246044.89902844626;36652.27013877015;158801.22769340657;2279274.6983267157;2525319.597355162;246044.89902844626;36652.27013877015;158801.22769340657;2279274.6983267157;2525319.597355162;
27-Jul-2020;246064.22824060856;36653.72891540732;158805.96447506483;2279296.3698342624;2525360.598074871;246064.22824060856;36653.72891540732;158805.96447506483;2279296.3698342624;2525360.598074871;
27-Jul-2020;246083.49051509515;36655.1753835938;158810.66196164698;2279317.74655104;2525401.2370661353;246083.49051509515;36655.1753835938;158810.66196164698;2279317.74655104;2525401.2370661353;
27-Jul-2020;246102.51960242752;36656.60965229664;158815.32049974427;2279339.045857831;2525441.5654602586;246102.51960242752;36656.60965229664;158815.32049974427;2279339.045857831;2525441.5654602586;
27-Jul-2020;246121.31812927802;36658.03182950775;158819.94043294;2279360.267919615;2525481.586048893;246121.31812927802;36658.03182950775;158819.94043294;2279360.267919615;2525481.586048893;
27-Jul-2020;246139.888695952;36659.44202225617;158824.52210232336;2279381.4128991226;2525521.3015950746;246139.888695952;36659.44202225617;158824.52210232336;2279381.4128991226;2525521.3015950746;
27-Jul-2020;246158.23387651026;36660.840336620815;158829.06584648066;2279402.4809570457;2525560.7148335557;246158.23387651026;36660.840336620815;158829.06584648066;2279402.4809570457;2525560.7148335557;
28-Jul-2020;246176.35621889713;36662.22687774277;158833.57200148792;2279423.47225224;2525599.828471137;246176.35621889713;36662.22687774277;158833.57200148792;2279423.47225224;2525599.828471137;
28-Jul-2020;246194.26453289416;36663.60174983697;158838.04090084726;2279444.3751910147;2525638.639723909;246194.26453289416;36663.60174983697;158838.04090084726;2279444.3751910147;2525638.639723909;
28-Jul-2020;246211.96749722073;36664.96505620224;158842.4728752029;2279465.178339853;2525677.1458370737;246211.96749722073;36664.96505620224;158842.4728752029;2279465.178339853;2525677.1458370737;
28-Jul-2020;246229.46737200636;36666.31689922868;158846.86825207988;2279485.882147523;2525715.3495195294;246229.46737200636;36666.31689922868;158846.86825207988;2279485.882147523;2525715.3495195294;
28-Jul-2020;246246.76639221766;36667.65738040379;158851.22735586812;2279506.4870604705;2525753.253452688;246246.76639221766;36667.65738040379;158851.22735586812;2279506.4870604705;2525753.253452688;
28-Jul-2020;246263.86676798738;36668.98660031863;158855.5505078645;2279526.9935228257;2525790.860290813;246263.86676798738;36668.98660031863;158855.5505078645;2279526.9935228257;2525790.860290813;
29-Jul-2020;246280.7706849358;36670.30465867408;158859.8380263138;2279547.40197641;2525828.1726613455;246280.7706849358;36670.30465867408;158859.8380263138;2279547.40197641;2525828.1726613455;
29-Jul-2020;246297.657533649;36671.61165428598;158864.09022583012;2279567.476769274;2525865.134302923;246297.657533649;36671.61165428598;158864.09022583012;2279567.476769274;2525865.134302923;
29-Jul-2020;246314.70374873513;36672.90768507664;158868.30741442717;2279586.9855397306;2525901.689288466;246314.70374873513;36672.90768507664;158868.30741442717;2279586.9855397306;2525901.689288466;
29-Jul-2020;246331.90560373064;36674.19284804276;158872.48989077157;2279605.9351203563;2525937.840724087;246331.90560373064;36674.19284804276;158872.48989077157;2279605.9351203563;2525937.840724087;
29-Jul-2020;246349.25939595816;36675.4672392137;158876.63794405916;2279624.3323155968;2525973.5917115547;246349.25939595816;36675.4672392137;158876.63794405916;2279624.3323155968;2525973.5917115547;
29-Jul-2020;246366.76144594388;36676.730953613784;158880.75185450827;2279642.1839018464;2526008.94534779;246366.76144594388;36676.730953613784;158880.75185450827;2279642.1839018464;2526008.94534779;
30-Jul-2020;246384.4080969148;36677.98408522943;158884.83189383103;2279659.496627485;2526043.9047243996;246384.4080969148;36677.98408522943;158884.83189383103;2279659.496627485;2526043.9047243996;
30-Jul-2020;246402.00019706378;36679.22672698204;158888.8783262875;2279676.5302354684;2526078.530432532;246402.00019706378;36679.22672698204;158888.8783262875;2279676.5302354684;2526078.530432532;
30-Jul-2020;246419.34185589658;36680.4589707185;158892.89141205497;2279693.540872626;2526112.8827285226;246419.34185589658;36680.4589707185;158892.89141205497;2279693.540872626;2526112.8827285226;
30-Jul-2020;246436.43593949446;36681.68090722884;158896.87141035983;2279710.5282370187;2526146.9641765133;246436.43593949446;36681.68090722884;158896.87141035983;2279710.5282370187;2526146.9641765133;
30-Jul-2020;246453.28529179128;36682.892626276946;158900.81858002776;2279727.492021277;2526180.7773130685;246453.28529179128;36682.892626276946;158900.81858002776;2279727.492021277;2526180.7773130685;
30-Jul-2020;246469.8927343132;36684.09421663096;158904.73317941252;2279744.4319132003;2526214.3246475137;246469.8927343132;36684.09421663096;158904.73317941252;2279744.4319132003;2526214.3246475137;
31-Jul-2020;246486.26106594127;36685.28576609209;158908.61546632787;2279761.3475963227;2526247.608662264;246486.26106594127;36685.28576609209;158908.61546632787;2279761.3475963227;2526247.608662264;
31-Jul-2020;246502.39195123478;36686.46736152194;158912.4656979544;2279778.2371948855;2526280.62914612;246502.39195123478;36686.46736152194;158912.4656979544;2279778.2371948855;2526280.62914612;
31-Jul-2020;246518.2870493773;36687.63908886785;158916.2841306416;2279795.0988544;2526313.3859037776;246518.2870493773;36687.63908886785;158916.2841306416;2279795.0988544;2526313.3859037776;
31-Jul-2020;246533.9491246238;36688.801033185846;158920.07101972378;2279811.9322766783;2526345.8814013023;246533.9491246238;36688.801033185846;158920.07101972378;2279811.9322766783;2526345.8814013023;
31-Jul-2020;246549.38091623;36689.95327866194;158923.82661945836;2279828.7371618673;2526378.1180780972;246549.38091623;36689.95327866194;158923.82661945836;2279828.7371618673;2526378.1180780972;
31-Jul-2020;246564.58513844115;36691.095908632415;158927.55118299485;2279845.513208797;2526410.0983472383;246564.58513844115;36691.095908632415;158927.55118299485;2279845.513208797;2526410.0983472383;
01-Aug-2020;246579.56448049014;36692.22900560323;158931.24496234508;2279862.2601153175;2526441.8245958076;246579.56448049014;36692.22900560323;158931.24496234508;2279862.2601153175;2526441.8245958076;
01-Aug-2020;246594.48501044032;36693.35265394112;158934.9095857119;2279988.291551632;2526582.7765620723;246594.48501044032;36693.35265394112;158934.9095857119;2279988.291551632;2526582.7765620723;
01-Aug-2020;246609.5269526584;36694.46696273831;158938.55067558397;2280136.221202295;2526745.748154953;246609.5269526584;36694.46696273831;158938.55067558397;2280136.221202295;2526745.748154953;
01-Aug-2020;246624.72096597738;36695.57209149608;158942.17621904836;2280283.5195734706;2526908.240539448;246624.72096597738;36695.57209149608;158942.17621904836;2280283.5195734706;2526908.240539448;
01-Aug-2020;246640.09701529253;36696.66825277226;158945.79370375033;2280430.222371643;2527070.3193869353;246640.09701529253;36696.66825277226;158945.79370375033;2280430.222371643;2527070.3193869353;
01-Aug-2020;246655.68433919593;36697.75570670151;158949.41013797148;2280576.3645659857;2527232.0489051817;246655.68433919593;36697.75570670151;158949.41013797148;2280576.3645659857;2527232.0489051817;
02-Aug-2020;246671.51145218956;36698.83475592809;158953.03207730548;2280721.9796896004;2527393.49114179;246671.51145218956;36698.83475592809;158953.03207730548;2280721.9796896004;2527393.49114179;
02-Aug-2020;246687.3487809251;36699.90574090841;158956.66565408016;2280867.746133056;2527555.094913981;246687.3487809251;36699.90574090841;158956.66565408016;2280867.746133056;2527555.094913981;
02-Aug-2020;246702.96329424524;36700.9690356447;158960.31662135603;2281014.3460605005;2527717.309354746;246702.96329424524;36700.9690356447;158960.31662135603;2281014.3460605005;2527717.309354746;
02-Aug-2020;246718.37487320587;36702.025043895876;158963.99039443675;2281161.8195873564;2527880.1944605624;246718.37487320587;36702.025043895876;158963.99039443675;2281161.8195873564;2527880.1944605624;
02-Aug-2020;246733.60077628793;36703.07419575537;158967.69207405977;2281310.2083029714;2528043.809079259;246733.60077628793;36703.07419575537;158967.69207405977;2281310.2083029714;2528043.809079259;
02-Aug-2020;246748.65581506875;36704.116944488196;158971.42646444798;2281459.555197359;2528208.2110124277;246748.65581506875;36704.116944488196;158971.42646444798;2281459.555197359;2528208.2110124277;
03-Aug-2020;246763.5525190069;36705.15376360427;158975.19809047366;2281609.9045936693;2528373.4571126765;246763.5525190069;36705.15376360427;158975.19809047366;2281609.9045936693;2528373.4571126765;
03-Aug-2020;246778.5607715794;36706.185144146424;158979.01121023894;2281760.6861659144;2528539.246937494;246778.5607715794;36706.185144146424;158979.01121023894;2281760.6861659144;2528539.246937494;
03-Aug-2020;246793.9548073571;36707.21159210358;158982.86981229862;2281911.3202095022;2528705.275016859;246793.9548073571;36707.21159210358;158982.86981229862;2281911.3202095022;2528705.275016859;
03-Aug-2020;246809.7545219211;36708.23362587474;158986.7776131955;2282061.8342174347;2528871.588739356;246809.7545219211;36708.23362587474;158986.7776131955;2282061.8342174347;2528871.588739356;
03-Aug-2020;246825.97934515166;36709.251773854405;158990.7380699232;2282212.2544888053;2529038.233833957;246825.97934515166;36709.251773854405;158990.7380699232;2282212.2544888053;2529038.233833957;
03-Aug-2020;246842.64824973137;36710.2665722097;158994.75439538;2282362.6061587306;2529205.254408462;246842.64824973137;36710.2665722097;158994.75439538;2282362.6061587306;2529205.254408462;
04-Aug-2020;246859.77976036473;36711.27856284359;158998.8295730085;2282512.9132279656;2529372.6929883305;246859.77976036473;36711.27856284359;158998.8295730085;2282512.9132279656;2529372.6929883305;
04-Aug-2020;246877.3606027537;36712.28829153288;159002.96637105444;2282663.2676785616;2529540.6282813153;246877.3606027537;36712.28829153288;159002.96637105444;2282663.2676785616;2529540.6282813153;
04-Aug-2020;246895.37610046545;36713.296306237724;159007.16735762864;2282813.76194388;2529709.1380443457;246895.37610046545;36713.296306237724;159007.16735762864;2282813.76194388;2529709.1380443457;
04-Aug-2020;246913.84150499688;36714.30315557832;159011.43491495482;2282964.4196953527;2529878.26120035;246913.84150499688;36714.30315557832;159011.43491495482;2282964.4196953527;2529878.26120035;
04-Aug-2020;246932.77158388545;36715.309387459965;159015.77125129348;2283115.2637700266;2530048.035353912;246932.77158388545;36715.309387459965;159015.77125129348;2283115.2637700266;2530048.035353912;
04-Aug-2020;246952.18064187784;36716.31554782832;159020.1784118376;2283266.316189137;2530218.4968310148;246952.18064187784;36716.31554782832;159020.1784118376;2283266.316189137;2530218.4968310148;
05-Aug-2020;246972.0825415703;36717.32217954521;159024.6582890171;2283417.5981765483;2530389.680718119;246972.0825415703;36717.32217954521;159024.6582890171;2283417.5981765483;2530389.680718119;
05-Aug-2020;246992.48768961066;36718.3298213768;159029.2126322737;2283569.136394381;2530561.6240839916;246992.48768961066;36718.3298213768;159029.2126322737;2283569.136394381;2530561.6240839916;
05-Aug-2020;247013.40598949764;36719.339007087;159033.84305743154;2283720.956912867;2530734.362902364;247013.40598949764;36719.339007087;159033.84305743154;2283720.956912867;2530734.362902364;
05-Aug-2020;247034.84989255207;36720.35026462932;159038.55105555026;2283873.078985977;2530907.928878529;247034.84989255207;36720.35026462932;159038.55105555026;2283873.078985977;2530907.928878529;
05-Aug-2020;247056.83148148953;36721.36411542946;159043.33800115585;2284025.521155617;2531082.3526371066;247056.83148148953;36721.36411542946;159043.33800115585;2284025.521155617;2531082.3526371066;
05-Aug-2020;247079.36248889458;36722.381073751465;159048.20515997894;2284178.301268398;2531257.6637572926;247079.36248889458;36722.381073751465;159048.20515997894;2284178.301268398;2531257.6637572926;
06-Aug-2020;247102.4543151029;36723.401646141276;159053.15369625768;2284331.4364921516;2531433.8908072547;247102.4543151029;36723.401646141276;159053.15369625768;2284331.4364921516;2531433.8908072547;
06-Aug-2020;247126.24553991723;36724.42633093954;159058.1846783969;2284484.698495456;2531610.944035373;247126.24553991723;36724.42633093954;159058.1846783969;2284484.698495456;2531610.944035373;
06-Aug-2020;247150.87862701868;36725.455617833206;159063.29907941906;2284637.850904402;2531788.7295314204;247150.87862701868;36725.455617833206;159063.29907941906;2284637.850904402;2531788.7295314204;
06-Aug-2020;247176.37247401255;36726.48998742016;159068.49777732;2284790.8954840214;2531967.267958034;247176.37247401255;36726.48998742016;159068.49777732;2284790.8954840214;2531967.267958034;
06-Aug-2020;247202.7457602289;36727.52991080886;159073.78156016965;2284943.833006199;2532146.578766428;247202.7457602289;36727.52991080886;159073.78156016965;2284943.833006199;2532146.578766428;
06-Aug-2020;247230.0169456125;36728.57584927523;159079.15113209072;2285096.6632857537;2532326.6802313663;247230.0169456125;36728.57584927523;159079.15113209072;2285096.6632857537;2532326.6802313663;
07-Aug-2020;247258.20427037167;36729.62825397441;159084.6071188783;2285249.385215342;2532507.5894857137;247258.20427037167;36729.62825397441;159084.6071188783;2285249.385215342;2532507.5894857137;
07-Aug-2020;247287.41531038686;36730.68756570156;159090.15007251655;2285401.834511911;2532689.249822298;247287.41531038686;36730.68756570156;159090.15007251655;2285401.834511911;2532689.249822298;
07-Aug-2020;247317.76020941627;36731.75421468184;159095.78047238404;2285553.840977368;2532871.6011867844;247317.76020941627;36731.75421468184;159095.78047238404;2285553.840977368;2532871.6011867844;
07-Aug-2020;247349.2621183526;36732.82862037295;159101.4987263146;2285705.3918476603;2533054.653966013;247349.2621183526;36732.82862037295;159101.4987263146;2285705.3918476603;2533054.653966013;
07-Aug-2020;247381.9439539149;36733.91119129304;159107.30517452318;2285856.473437356;2533238.417391271;247381.9439539149;36733.91119129304;159107.30517452318;2285856.473437356;2533238.417391271;
07-Aug-2020;247415.82839164432;36735.00232488706;159113.2000940139;2286007.07118428;2533422.899575924;247415.82839164432;36735.00232488706;159113.2000940139;2286007.07118428;2533422.899575924;
08-Aug-2020;247450.93785989686;36736.102407429666;159119.18370270915;2286157.1696927026;2533608.1075525996;247450.93785989686;36736.102407429666;159119.18370270915;2286157.1696927026;2533608.1075525996;
08-Aug-2020;247487.33309738492;36737.2118139608;159125.2561630226;2286306.686338966;2533794.0194363506;247487.33309738492;36737.2118139608;159125.2561630226;2286306.686338966;2533794.0194363506;
08-Aug-2020;247525.07569768495;36738.33090824499;159131.41758403697;2286455.5356767355;2533980.6113744206;247525.07569768495;36738.33090824499;159131.41758403697;2286455.5356767355;2533980.6113744206;
08-Aug-2020;247564.1895324364;36739.460042746585;159137.6680235049;2286603.696374325;2534167.8859067615;247564.1895324364;36739.460042746585;159137.6680235049;2286603.696374325;2534167.8859067615;
08-Aug-2020;247604.6981873882;36740.59955862461;159144.00749083512;2286751.1464127284;2534355.8446001164;247604.6981873882;36740.59955862461;159144.00749083512;2286751.1464127284;2534355.8446001164;
08-Aug-2020;247646.62495684825;36741.74978575117;159150.4359501608;2286897.8631283273;2534544.4880851754;247646.62495684825;36741.74978575117;159150.4359501608;2286897.8631283273;2534544.4880851754;
09-Aug-2020;247689.99283881078;36742.91104275151;159156.95332320506;2287043.823254316;2534733.816093127;247689.99283881078;36742.91104275151;159156.95332320506;2287043.823254316;2534733.816093127;
09-Aug-2020;247736.46920653895;36744.083637042175;159163.5594807883;2287186.2929588244;2534922.7621653634;247736.46920653895;36744.083637042175;159163.5594807883;2287186.2929588244;2534922.7621653634;
09-Aug-2020;247787.7643892409;36745.267864636946;159170.2541904454;2287322.4666029275;2535110.2309921687;247787.7643892409;36745.267864636946;159170.2541904454;2287322.4666029275;2535110.2309921687;
09-Aug-2020;247843.9861698285;36746.4640095316;159177.03706651521;2287452.194703962;2535296.1808737908;247843.9861698285;36746.4640095316;159177.03706651521;2287452.194703962;2535296.1808737908;
09-Aug-2020;247905.2402108997;36747.67234290965;159183.90756667755;2287575.333457763;2535480.5736686625;247905.2402108997;36747.67234290965;159183.90756667755;2287575.333457763;2535480.5736686625;
09-Aug-2020;247971.62973664046;36748.89312241256;159190.86499978072;2287691.7453433126;2535663.375079953;247971.62973664046;36748.89312241256;159190.86499978072;2287691.7453433126;2535663.375079953;
10-Aug-2020;248043.25523825918;36750.12659149237;159197.90853357068;2287801.299706845;2535844.5549451043;248043.25523825918;36750.12659149237;159197.90853357068;2287801.299706845;2535844.5549451043;
10-Aug-2020;248118.13587671026;36751.372978866806;159205.03721441817;2287907.1029607775;2536025.2388374875;248118.13587671026;36751.372978866806;159205.03721441817;2287907.1029607775;2536025.2388374875;
10-Aug-2020;248194.23992976968;36752.63249831961;159212.25003397945;2288012.329114162;2536206.5690439316;248194.23992976968;36752.63249831961;159212.25003397945;2288012.329114162;2536206.5690439316;
10-Aug-2020;248271.56472243642;36753.90534904154;159219.5459921757;2288116.978885202;2536388.5436076387;248271.56472243642;36753.90534904154;159219.5459921757;2288116.978885202;2536388.5436076387;
10-Aug-2020;248350.10765409455;36755.191716240115;159226.9241091873;2288221.0527371643;2536571.160391259;248350.10765409455;36755.191716240115;159226.9241091873;2288221.0527371643;2536571.160391259;
10-Aug-2020;248429.866197809;36756.49177174897;159234.38342503097;2288324.5508870087;2536754.417084818;248429.866197809;36756.49177174897;159234.38342503097;2288324.5508870087;2536754.417084818;
11-Aug-2020;248510.83789947804;36757.805674614065;159241.9229991331;2288427.4733137866;2536938.3112132647;248510.83789947804;36757.805674614065;159241.9229991331;2288427.4733137866;2536938.3112132647;
11-Aug-2020;248593.55162529333;36759.13357165207;159249.54190712876;2288529.0241879486;2537122.575813242;248593.55162529333;36759.13357165207;159249.54190712876;2288529.0241879486;2537122.575813242;
11-Aug-2020;248678.54694901386;36760.475597925135;159257.2392268188;2288628.390205165;2537306.937154179;248678.54694901386;36760.475597925135;159257.2392268188;2288628.390205165;2537306.937154179;
11-Aug-2020;248765.8425328864;36761.831877086275;159265.01402478575;2288725.539885915;2537491.382418801;248765.8425328864;36761.831877086275;159265.01402478575;2288725.539885915;2537491.382418801;
11-Aug-2020;248855.45636968687;36763.20252165658;159272.86535454518;2288820.442355363;2537675.89872505;248855.45636968687;36763.20252165658;159272.86535454518;2288820.442355363;2537675.89872505;
11-Aug-2020;248947.40578382995;36764.58763329534;159280.79225747907;2288913.0673804577;2537860.4731642874;248947.40578382995;36764.58763329534;159280.79225747907;2288913.0673804577;2537860.4731642874;
12-Aug-2020;249041.7074327881;36765.98730306816;159288.79376372165;2289003.385405603;2538045.092838391;249041.7074327881;36765.98730306816;159288.79376372165;2289003.385405603;2538045.092838391;
12-Aug-2020;249137.6567282664;36767.40161171924;159296.868896347;2289092.4071602845;2538230.0638885507;249137.6567282664;36767.40161171924;159296.868896347;2289092.4071602845;2538230.0638885507;
12-Aug-2020;249234.53583719514;36768.830630015844;159305.01668859052;2289181.163972335;2538415.6998095303;249234.53583719514;36768.830630015844;159305.01668859052;2289181.163972335;2538415.6998095303;
12-Aug-2020;249332.33475779401;36770.274419220645;159313.23620020892;2289269.664053269;2538601.9988110634;249332.33475779401;36770.274419220645;159313.23620020892;2289269.664053269;2538601.9988110634;
12-Aug-2020;249431.0438094555;36771.73303161852;159321.5265198663;2289357.9153547008;2538788.959164156;249431.0438094555;36771.73303161852;159321.5265198663;2289357.9153547008;2538788.959164156;
12-Aug-2020;249530.65362180187;36773.20651102474;159329.88676413652;2289445.925576032;2538976.579197834;249530.65362180187;36773.20651102474;159329.88676413652;2289445.925576032;2538976.579197834;
13-Aug-2020;249631.15512415225;36774.69489326914;159338.31607654336;2289533.702171879;2539164.857296031;249631.15512415225;36774.69489326914;159338.31607654336;2289533.702171879;2539164.857296031;
13-Aug-2020;249733.20892616562;36776.19820665182;159346.81362381182;2289620.313427894;2539353.5223540594;249733.20892616562;36776.19820665182;159346.81362381182;2289620.313427894;2539353.5223540594;
13-Aug-2020;249837.48623145345;36777.716472313834;159355.37858108687;2289704.8093355517;2539542.295567005;249837.48623145345;36777.716472313834;159355.37858108687;2289704.8093355517;2539542.295567005;
13-Aug-2020;249943.99904824552;36779.24970447611;159364.01011781677;2289787.164855058;2539731.1639033034;249943.99904824552;36779.24970447611;159364.01011781677;2289787.164855058;2539731.1639033034;
13-Aug-2020;250052.75887281512;36780.79791060904;159372.70739540216;2289867.3556038644;2539920.1144766794;250052.75887281512;36780.79791060904;159372.70739540216;2289867.3556038644;2539920.1144766794;
13-Aug-2020;250163.77669072567;36782.36109159517;159381.46956771388;2289945.3578775884;2540109.134568314;250163.77669072567;36782.36109159517;159381.46956771388;2289945.3578775884;2540109.134568314;
14-Aug-2020;250277.06297832265;36783.9392418904;159390.29578159674;2290021.1486700997;2540298.2116484223;250277.06297832265;36783.9392418904;159390.29578159674;2290021.1486700997;2540298.2116484223;
14-Aug-2020;250391.93066763628;36785.53234968872;159399.18518000186;2290095.6546492497;2540487.585316886;250391.93066763628;36785.53234968872;159399.18518000186;2290095.6546492497;2540487.585316886;
14-Aug-2020;250507.68271629635;36787.14039714441;159408.1369154372;2290169.818804639;2540677.5015209354;250507.68271629635;36787.14039714441;159408.1369154372;2290169.818804639;2540677.5015209354;
14-Aug-2020;250624.30954576188;36788.7633606958;159417.1501627704;2290243.647915343;2540867.9574611047;250624.30954576188;36788.7633606958;159417.1501627704;2290243.647915343;2540867.9574611047;
14-Aug-2020;250741.8018683839;36790.401211432945;159426.22412101892;2290317.1485396703;2541058.950408054;250741.8018683839;36790.401211432945;159426.22412101892;2290317.1485396703;2541058.950408054;
14-Aug-2020;250860.15067692767;36792.05391545145;159435.35801247563;2290390.327021927;2541250.4776988546;250860.15067692767;36792.05391545145;159435.35801247563;2290390.327021927;2541250.4776988546;
15-Aug-2020;250979.34723451338;36793.721434188235;159444.55108186984;2290463.189498941;2541442.5367334546;250979.34723451338;36793.721434188235;159444.55108186984;2290463.189498941;2541442.5367334546;
15-Aug-2020;251099.84244065353;36795.403724737116;159453.802593972;2290535.13083006;2541634.973270714;251099.84244065353;36795.403724737116;159453.802593972;2290535.13083006;2541634.973270714;
15-Aug-2020;251222.09300257583;36797.100740112335;159463.11182499753;2290605.535418848;2541827.628421424;251222.09300257583;36797.100740112335;159463.11182499753;2290605.535418848;2541827.628421424;
15-Aug-2020;251346.10182556976;36798.81242943415;159472.47805438188;2290674.390880871;2542020.492706441;251346.10182556976;36798.81242943415;159472.47805438188;2290674.390880871;2542020.492706441;
15-Aug-2020;251471.87160345307;36800.53873807157;159481.9005631773;2290741.6851135576;2542213.5567170107;251471.87160345307;36800.53873807157;159481.9005631773;2290741.6851135576;2542213.5567170107;
15-Aug-2020;251599.40481954435;36802.27960777761;159491.3786340734;2290807.4063032796;2542406.811122824;251599.40481954435;36802.27960777761;159491.3786340734;2290807.4063032796;2542406.811122824;
16-Aug-2020;251728.70374767392;36804.03497682021;159500.91155141944;2290871.54293218;2542600.246679854;251728.70374767392;36804.03497682021;159500.91155141944;2290871.54293218;2542600.246679854;
16-Aug-2020;251859.20323753645;36805.804780112536;159510.49860302662;2290934.820573597;2542794.0238111336;251859.20323753645;36805.804780112536;159510.49860302662;2290934.820573597;2542794.0238111336;
16-Aug-2020;251990.33181266615;36807.58894937902;159520.13908893627;2290997.9761859863;2542988.3079986526;251990.33181266615;36807.58894937902;159520.13908893627;2290997.9761859863;2542988.3079986526;
16-Aug-2020;252122.07915015134;36809.38741338727;159529.83232979805;2291061.0185917565;2543183.097741908;252122.07915015134;36809.38741338727;159529.83232979805;2291061.0185917565;2543183.097741908;
16-Aug-2020;252254.43524138324;36811.20009820742;159539.57766787385;2291123.9564095023;2543378.3916508853;252254.43524138324;36811.20009820742;159539.57766787385;2291123.9564095023;2543378.3916508853;
16-Aug-2020;252387.39038065687;36813.02692746032;159549.37446626276;2291186.798060672;2543574.1884413287;252387.39038065687;36813.02692746032;159549.37446626276;2291186.798060672;2543574.1884413287;
17-Aug-2020;252520.93515427192;36814.86782255191;159559.2221081601;2291249.55177597;2543770.486930242;252520.93515427192;36814.86782255191;159559.2221081601;2291249.55177597;2543770.486930242;
17-Aug-2020;252656.76495877845;36816.72270288501;159569.11999124533;2291310.0532577536;2543966.818216532;252656.76495877845;36816.72270288501;159569.11999124533;2291310.0532577536;2543966.818216532;
17-Aug-2020;252796.59201276497;36818.591485948935;159579.06750289295;2291366.1081795255;2544162.7001922904;252796.59201276497;36818.591485948935;159579.06750289295;2291366.1081795255;2544162.7001922904;
17-Aug-2020;252940.44009930652;36820.47408720526;159589.06399653736;2291417.673770026;2544358.1138693322;252940.44009930652;36820.47408720526;159589.06399653736;2291417.673770026;2544358.1138693322;
17-Aug-2020;253088.33180898125;36822.37041987723;159599.1087885272;2291464.7110439464;2544553.0428529275;253088.33180898125;36822.37041987723;159599.1087885272;2291464.7110439464;2544553.0428529275;
17-Aug-2020;253240.28851962707;36824.28039475126;159609.20116006513;2291507.1848441265;2544747.4733637534;253240.28851962707;36824.28039475126;159609.20116006513;2291507.1848441265;2544747.4733637534;
18-Aug-2020;253396.3303805161;36826.203919999716;159619.3403592244;2291545.063879532;2544941.394260048;253396.3303805161;36826.203919999716;159619.3403592244;2291545.063879532;2544941.394260048;
18-Aug-2020;253555.91261567693;36828.14090102745;159629.52560426606;2291579.006910769;2545134.9195264457;253555.91261567693;36828.14090102745;159629.52560426606;2291579.006910769;2545134.9195264457;
18-Aug-2020;253717.34156896453;36830.09124037435;159639.75609541693;2291611.1217161356;2545328.4632851;253717.34156896453;36830.09124037435;159639.75609541693;2291611.1217161356;2545328.4632851;
18-Aug-2020;253879.47191950193;36832.05483775657;159650.03103731974;2291642.802950933;2545522.2748704352;253879.47191950193;36832.05483775657;159650.03103731974;2291642.802950933;2545522.2748704352;
18-Aug-2020;254042.291426875;36834.03159025917;159660.34965424344;2291674.058993303;2545716.3504201784;254042.291426875;36834.03159025917;159660.34965424344;2291674.058993303;2545716.3504201784;
18-Aug-2020;254205.7881892369;36836.021392582144;159670.71119191358;2291704.8979941197;2545910.6861833567;254205.7881892369;36836.021392582144;159670.71119191358;2291704.8979941197;2545910.6861833567;
19-Aug-2020;254369.95063041095;36838.02413727708;159681.11491669487;2291735.3278846014;2546105.2785150125;254369.95063041095;36838.02413727708;159681.11491669487;2291735.3278846014;2546105.2785150125;
19-Aug-2020;254534.76748757355;36840.03971496999;159691.56011481068;2291765.356383605;2546300.1238711784;254534.76748757355;36840.03971496999;159691.56011481068;2291765.356383605;2546300.1238711784;
19-Aug-2020;254700.22779948876;36842.06801457113;159702.04609159735;2291794.991004624;2546495.2188041126;254700.22779948876;36842.06801457113;159702.04609159735;2291794.991004624;2546495.2188041126;
19-Aug-2020;254866.32089526727;36844.10892347243;159712.57217079183;2291824.239062495;2546690.5599577622;254866.32089526727;36844.10892347243;159712.57217079183;2291824.239062495;2546690.5599577622;
19-Aug-2020;255033.03638362398;36846.162327733226;159723.13769385082;2291853.1076798355;2546886.1440634597;255033.03638362398;36846.162327733226;159723.13769385082;2291853.1076798355;2546886.1440634597;
19-Aug-2020;255200.3641426098;36848.228112254896;159733.74201930012;2291881.603793222;2547081.9679358318;255200.3641426098;36848.228112254896;159733.74201930012;2291881.603793222;2547081.9679358318;
20-Aug-2020;255368.29430979438;36850.306160944936;159744.3845221124;2291909.734159117;2547278.0284689115;255368.29430979438;36850.306160944936;159744.3845221124;2291909.734159117;2547278.0284689115;
20-Aug-2020;255536.8172728779;36852.39635687114;159755.06459311227;2291937.5053595663;2547474.322632444;255536.8172728779;36852.39635687114;159755.06459311227;2291937.5053595663;2547474.322632444;
20-Aug-2020;255705.92366071104;36854.498582406304;159765.78163840712;2291964.923807664;2547670.8474683748;255705.92366071104;36854.498582406304;159765.78163840712;2291964.923807664;2547670.8474683748;
20-Aug-2020;255875.60433470304;36856.612719364;159776.53507884266;2291991.995752809;2547867.6000875123;255875.60433470304;36856.612719364;159776.53507884266;2291991.995752809;2547867.6000875123;
20-Aug-2020;256045.8503805995;36858.73864912588;159787.32434948182;2292018.727285755;2548064.5776663544;256045.8503805995;36858.73864912588;159787.32434948182;2292018.727285755;2548064.5776663544;
20-Aug-2020;256216.65310061185;36860.876252761016;159798.14889910593;2292045.12434346;2548261.7774440716;256216.65310061185;36860.876252761016;159798.14889910593;2292045.12434346;2548261.7774440716;
21-Aug-2020;256388.0040058813;36863.02541113759;159809.00818973721;2292071.1927137594;2548459.196719641;256388.0040058813;36863.02541113759;159809.00818973721;2292071.1927137594;2548459.196719641;
21-Aug-2020;256559.89480926178;36865.18600502743;159819.9016961813;2292096.9380398523;2548656.832849114;256559.89480926178;36865.18600502743;159819.9016961813;2292096.9380398523;2548656.832849114;
21-Aug-2020;256732.31741840616;36867.35791520377;159830.82890558915;2292122.365824623;2548854.6832430293;256732.31741840616;36867.35791520377;159830.82890558915;2292122.365824623;2548854.6832430293;
21-Aug-2020;256905.26392914134;36869.541022532525;159841.78931703715;2292147.4814347993;2549052.7453639405;256905.26392914134;36869.541022532525;159841.78931703715;2292147.4814347993;2549052.7453639405;
21-Aug-2020;257078.72661911862;36871.735208057544;159852.78244112476;2292172.290104951;2549251.0167240696;257078.72661911862;36871.735208057544;159852.78244112476;2292172.290104951;2549251.0167240696;
21-Aug-2020;257252.69794172625;36873.94035308004;159863.80779958863;2292196.7969413525;2549449.4948830786;257252.69794172625;36873.94035308004;159863.80779958863;2292196.7969413525;2549449.4948830786;
22-Aug-2020;257427.17052025165;36876.15633923262;159874.86492493277;2292221.0069256895;2549648.177445941;257427.17052025165;36876.15633923262;159874.86492493277;2292221.0069256895;2549648.177445941;
22-Aug-2020;257602.13714228163;36878.383048548116;159885.9533600736;2292244.924918639;2549847.0620609205;257602.13714228163;36878.383048548116;159885.9533600736;2292244.924918639;2549847.0620609205;
22-Aug-2020;257777.59075432958;36880.62036352358;159897.07265799935;2292268.555663322;2550046.146417652;257777.59075432958;36880.62036352358;159897.07265799935;2292268.555663322;2550046.146417652;
22-Aug-2020;257953.52445667857;36882.86816717965;159908.22238144343;2292291.903788626;2550245.4282453046;257953.52445667857;36882.86816717965;159908.22238144343;2292291.903788626;2550245.4282453046;
22-Aug-2020;258129.93149843093;36885.12634311557;159919.40210257057;2292314.973812412;2550444.905310843;258129.93149843093;36885.12634311557;159919.40210257057;2292314.973812412;2550444.905310843;
22-Aug-2020;258306.80527275417;36887.39477556007;159930.61140267557;2292337.770144612;2550644.5754173663;258306.80527275417;36887.39477556007;159930.61140267557;2292337.770144612;2550644.5754173663;
23-Aug-2020;258484.1393123144;36889.673349418386;159941.8498718939;2292360.297090213;2550844.436402527;258484.1393123144;36889.673349418386;159941.8498718939;2292360.297090213;2550844.436402527;
23-Aug-2020;258661.92728488875;36891.961950315585;159953.11710892364;2292382.55885214;2551044.486137029;258661.92728488875;36891.961950315585;159953.11710892364;2292382.55885214;2551044.486137029;
23-Aug-2020;258840.16298914823;36894.260464636405;159964.4127207582;2292404.5595340417;2551244.72252319;258840.16298914823;36894.260464636405;159964.4127207582;2292404.5595340417;2551244.72252319;
23-Aug-2020;259018.8403506035;36896.56877956183;159975.73632242944;2292426.3031429793;2551445.143493583;259018.8403506035;36896.56877956183;159975.73632242944;2292426.3031429793;2551445.143493583;
23-Aug-2020;259197.95341770613;36898.886783102585;159987.08753676046;2292447.7935920213;2551645.7470097276;259197.95341770613;36898.886783102585;159987.08753676046;2292447.7935920213;2551645.7470097276;
23-Aug-2020;259377.4963580982;36901.21436412969;159998.46599412808;2292469.0347027583;2551846.5310608563;259377.4963580982;36901.21436412969;159998.46599412808;2292469.0347027583;2551846.5310608563;
24-Aug-2020;259557.46345500357;36903.551412402245;160009.87133223406;2292490.0302077276;2552047.4936627313;259557.46345500357;36903.551412402245;160009.87133223406;2292490.0302077276;2552047.4936627313;
24-Aug-2020;259737.84910444322;36905.89781859271;160021.3031959286;2292510.787913866;2552248.637018309;259737.84910444322;36905.89781859271;160021.3031959286;2292510.787913866;2552248.637018309;
24-Aug-2020;259918.64781526785;36908.25347431074;160032.7612372125;2292531.3156187506;2552449.9634340187;259918.64781526785;36908.25347431074;160032.7612372125;2292531.3156187506;2552449.9634340187;
24-Aug-2020;260099.85420913436;36910.61827212635;160044.24511523548;2292551.616911462;2552651.4711205964;260099.85420913436;36910.61827212635;160044.24511523548;2292551.616911462;2552651.4711205964;
24-Aug-2020;260281.46301772562;36912.992105591664;160055.75449612024;2292571.6952975206;2552853.158315246;260281.46301772562;36912.992105591664;160055.75449612024;2292571.6952975206;2552853.158315246;
24-Aug-2020;260463.46907939756;36915.37486926045;160067.28905274975;2292591.5542011084;2553055.023280506;260463.46907939756;36915.37486926045;160067.28905274975;2292591.5542011084;2553055.023280506;
25-Aug-2020;260645.86733595328;36917.76645870536;160078.84846456297;2292611.1969672237;2553257.064303177;260645.86733595328;36917.76645870536;160078.84846456297;2292611.1969672237;2553257.064303177;
25-Aug-2020;260828.65283023738;36920.16677053325;160090.43241740228;2292630.6310859756;2553459.283916213;260828.65283023738;36920.16677053325;160090.43241740228;2292630.6310859756;2553459.283916213;
25-Aug-2020;261011.8207065737;36922.57570239951;160102.04060354127;2292649.864048756;2553661.68475533;261011.8207065737;36922.57570239951;160102.04060354127;2292649.864048756;2553661.68475533;
25-Aug-2020;261195.36621113174;36924.99315302227;160113.67272170796;2292668.8990870127;2553864.2652981444;261195.36621113174;36924.99315302227;160113.67272170796;2292668.8990870127;2553864.2652981444;
25-Aug-2020;261379.28468948195;36927.41902219565;160125.32847692983;2292687.739357395;2554067.024046877;261379.28468948195;36927.41902219565;160125.32847692983;2292687.739357395;2554067.024046877;
25-Aug-2020;261563.57158355636;36929.85321080123;160137.0075803413;2292706.3879437465;2554269.959527303;261563.57158355636;36929.85321080123;160137.0075803413;2292706.3879437465;2554269.959527303;
26-Aug-2020;261748.2224287255;36932.295620817604;160148.70974899837;2292724.8478590264;2554473.070287752;261748.2224287255;36932.295620817604;160148.70974899837;2292724.8478590264;2554473.070287752;
26-Aug-2020;261933.23285169512;36934.74615532846;160160.43470574537;2292743.126331808;2554676.3591835033;261933.23285169512;36934.74615532846;160160.43470574537;2292743.126331808;2554676.3591835033;
26-Aug-2020;262118.59857127667;36937.20471853;160172.18217926382;2292761.2306010867;2554879.8291723635;262118.59857127667;36937.20471853;160172.18217926382;2292761.2306010867;2554879.8291723635;
26-Aug-2020;262304.31539907417;36939.671215738716;160183.95190411588;2292779.1635917523;2555083.4789908263;262304.31539907417;36939.671215738716;160183.95190411588;2292779.1635917523;2555083.4789908263;
26-Aug-2020;262490.3792373075;36942.14555339844;160195.7436206065;2292796.928161298;2555287.3073986056;262490.3792373075;36942.14555339844;160195.7436206065;2292796.928161298;2555287.3073986056;
26-Aug-2020;262676.78607602214;36944.627639086;160207.5570746065;2292814.52710163;2555491.313177652;262676.78607602214;36944.627639086;160207.5570746065;2292814.52710163;2555491.313177652;
27-Aug-2020;262863.53199040634;36947.117381515316;160219.39201738263;2292831.9631407997;2555695.495131206;262863.53199040634;36947.117381515316;160219.39201738263;2292831.9631407997;2555695.495131206;
27-Aug-2020;263050.6131389312;36949.61469054022;160231.24820547964;2292849.2432929375;2555899.856431869;263050.6131389312;36949.61469054022;160231.24820547964;2292849.2432929375;2555899.856431869;
27-Aug-2020;263238.0257643979;36952.11947715698;160243.12540078664;2292866.3745905333;2556104.400354931;263238.0257643979;36952.11947715698;160243.12540078664;2292866.3745905333;2556104.400354931;
27-Aug-2020;263425.766194891;36954.63165350742;160255.02337059754;2292883.3596954523;2556309.1258903435;263425.766194891;36954.63165350742;160255.02337059754;2292883.3596954523;2556309.1258903435;
27-Aug-2020;263613.8308418175;36957.15113288166;160266.9418874868;2292900.2012084625;2556514.03205028;263613.8308418175;36957.15113288166;160266.9418874868;2292900.2012084625;2556514.03205028;
27-Aug-2020;263802.2161973149;36959.67782971962;160278.88072914514;2292916.901670874;2556719.117868189;263802.2161973149;36959.67782971962;160278.88072914514;2292916.901670874;2556719.117868189;
28-Aug-2020;263990.91883176094;36962.211659611225;160290.8396782217;2292933.463566138;2556924.382397899;263990.91883176094;36962.211659611225;160290.8396782217;2292933.463566138;2556924.382397899;
28-Aug-2020;264179.93539211014;36964.752539295565;160302.81852221864;2292949.893734398;2557129.829126508;264179.93539211014;36964.752539295565;160302.81852221864;2292949.893734398;2557129.829126508;
28-Aug-2020;264369.2626031744;36967.30038665997;160314.81705357233;2292966.1990411184;2557335.461644293;264369.2626031744;36967.30038665997;160314.81705357233;2292966.1990411184;2557335.461644293;
28-Aug-2020;264558.89726880076;36969.8551207399;160326.83506972794;2292982.3819225286;2557541.279191329;264558.89726880076;36969.8551207399;160326.83506972794;2292982.3819225286;2557541.279191329;
28-Aug-2020;264748.8362700856;36972.41666171868;160338.87237302624;2292998.4447591323;2557747.281029218;264748.8362700856;36972.41666171868;160338.87237302624;2292998.4447591323;2557747.281029218;
28-Aug-2020;264939.0765629412;36974.98493092612;160350.9287705495;2293014.3898772355;2557953.4664401766;264939.0765629412;36974.98493092612;160350.9287705495;2293014.3898772355;2557953.4664401766;
29-Aug-2020;265129.61517575977;36977.55985083609;160363.00407397334;2293030.2195504108;2558159.8347261706;265129.61517575977;36977.55985083609;160363.00407397334;2293030.2195504108;2558159.8347261706;
29-Aug-2020;265320.4492079109;36980.14134506314;160375.09809947154;2293045.9404798737;2558366.3896877845;265320.4492079109;36980.14134506314;160375.09809947154;2293045.9404798737;2558366.3896877845;
29-Aug-2020;265511.5758312209;36982.72933835921;160387.2106678098;2293061.559398346;2558573.135229567;265511.5758312209;36982.72933835921;160387.2106678098;2293061.559398346;2558573.135229567;
29-Aug-2020;265702.99229134264;36985.323756611404;160399.34160443253;2293077.0785487653;2558780.0708401077;265702.99229134264;36985.323756611404;160399.34160443253;2293077.0785487653;2558780.0708401077;
29-Aug-2020;265894.69590611215;36987.924526839626;160411.49073935876;2293092.5001229667;2558987.1960290787;265894.69590611215;36987.924526839626;160411.49073935876;2293092.5001229667;2558987.1960290787;
29-Aug-2020;266086.6840632429;36990.53157719337;160423.65790703593;2293107.8262631083;2559194.510326351;266086.6840632429;36990.53157719337;160423.65790703593;2293107.8262631083;2559194.510326351;
30-Aug-2020;266278.9542181143;36993.14483694748;160435.8429461998;2293123.0590630323;2559402.0132811465;266278.9542181143;36993.14483694748;160435.8429461998;2293123.0590630323;2559402.0132811465;
30-Aug-2020;266471.503892401;36995.76423649714;160448.04569978753;2293138.2051157067;2559609.709008108;266471.503892401;36995.76423649714;160448.04569978753;2293138.2051157067;2559609.709008108;
30-Aug-2020;266664.33067572425;36998.38970735307;160460.2660150424;2293153.271051173;2559817.6017268975;266664.33067572425;36998.38970735307;160460.2660150424;2293153.271051173;2559817.6017268975;
30-Aug-2020;266857.43222718855;37001.02118213785;160472.5037436112;2293168.2589472895;2560025.6911744783;266857.43222718855;37001.02118213785;160472.5037436112;2293168.2589472895;2560025.6911744783;
30-Aug-2020;267050.8062738547;37003.65859458233;160484.75874144732;2293183.170834815;2560233.97710867;267050.8062738547;37003.65859458233;160484.75874144732;2293183.170834815;2560233.97710867;
30-Aug-2020;267244.4506085374;37006.30187952123;160497.03086867137;2293198.0086987405;2560442.459307278;267244.4506085374;37006.30187952123;160497.03086867137;2293198.0086987405;2560442.459307278;
31-Aug-2020;267438.3630876939;37008.95097288775;160509.3199894372;2293212.774479576;2560651.13756727;267438.3630876939;37008.95097288775;160509.3199894372;2293212.774479576;2560651.13756727;
31-Aug-2020;267632.5416293992;37011.60581170753;160521.62597180376;2293227.470074583;2560860.011703982;267632.5416293992;37011.60581170753;160521.62597180376;2293227.470074583;2560860.011703982;
31-Aug-2020;267826.9842114035;37014.26633409167;160533.9486876118;2293242.0973389708;2561069.081550374;267826.9842114035;37014.26633409167;160533.9486876118;2293242.0973389708;2561069.081550374;
31-Aug-2020;268021.6888692691;37016.93247922924;160546.28801236587;2293256.6580870454;2561278.3469563145;268021.6888692691;37016.93247922924;160546.28801236587;2293256.6580870454;2561278.3469563145;
31-Aug-2020;268216.65369458095;37019.60418737907;160558.64382512105;2293271.154093318;2561487.807787899;268216.65369458095;37019.60418737907;160558.64382512105;2293271.154093318;2561487.807787899;
31-Aug-2020;268411.8768332296;37022.28139986098;160571.0160083739;2293285.587093576;2561697.4639268056;268411.8768332296;37022.28139986098;160571.0160083739;2293285.587093576;2561697.4639268056;
01-Sep-2020;268607.3564837616;37024.96405904654;160583.4044479581;2293299.9587859134;2561907.315269675;268607.3564837616;37024.96405904654;160583.4044479581;2293299.9587859134;2561907.315269675;
01-Sep-2020;268803.0908957949;37027.65210834932;160595.80903294394;2293314.2708317316;2562117.3617275264;268803.0908957949;37027.65210834932;160595.80903294394;2293314.2708317316;2562117.3617275264;
01-Sep-2020;268999.0783684958;37030.34549221473;160608.22965554177;2293328.5248567;2562327.603225196;268999.0783684958;37030.34549221473;160608.22965554177;2293328.5248567;2562327.603225196;
01-Sep-2020;269195.31724911515;37033.04415610948;160620.66621100935;2293342.722451686;2562538.039700801;269195.31724911515;37033.04415610948;160620.66621100935;2293342.722451686;2562538.039700801;
01-Sep-2020;269391.80593158066;37035.7480465107;160633.1185975625;2293356.865173655;2562748.671105236;269391.80593158066;37035.7480465107;160633.1185975625;2293356.865173655;2562748.671105236;
01-Sep-2020;269588.54285514256;37038.45711089478;160645.58671628943;2293370.9545465405;2562959.497401683;269588.54285514256;37038.45711089478;160645.58671628943;2293370.9545465405;2562959.497401683;
02-Sep-2020;269785.5265030707;37041.171297725894;160658.07047106797;2293384.992062081;2563170.518565152;269785.5265030707;37041.171297725894;160658.07047106797;2293384.992062081;2563170.518565152;
02-Sep-2020;269982.7554014006;37043.89055644435;160670.56976848625;2293398.9791806387;2563381.734582039;269982.7554014006;37043.89055644435;160670.56976848625;2293398.9791806387;2563381.734582039;
02-Sep-2020;270180.2281177256;37046.61483745466;160683.0845177661;2293412.91733198;2563593.1454497054;270180.2281177256;37046.61483745466;160683.0845177661;2293412.91733198;2563593.1454497054;
02-Sep-2020;270377.94326003396;37049.34409211353;160695.61463068938;2293426.8079160405;2563804.7511760746;270377.94326003396;37049.34409211353;160695.61463068938;2293426.8079160405;2563804.7511760746;
02-Sep-2020;270575.8994755885;37052.07827271762;160708.16002152694;2293440.652303662;2564016.5517792506;270575.8994755885;37052.07827271762;160708.16002152694;2293440.652303662;2564016.5517792506;
02-Sep-2020;270774.0954498465;37054.81733249119;160720.72060697022;2293454.4518373064;2564228.547287153;270774.0954498465;37054.81733249119;160720.72060697022;2293454.4518373064;2564228.547287153;
03-Sep-2020;270972.52990541875;37057.56122557371;160733.2963060652;2293468.207831744;2564440.737737163;270972.52990541875;37057.56122557371;160733.2963060652;2293468.207831744;2564440.737737163;
03-Sep-2020;271171.2016010653;37060.30990700729;160745.8870401488;2293481.92157473;2564653.123175795;271171.2016010653;37060.30990700729;160745.8870401488;2293481.92157473;2564653.123175795;
03-Sep-2020;271370.1093307272;37063.063332724174;160758.49273278762;2293495.594327648;2564865.7036583754;271370.1093307272;37063.063332724174;160758.49273278762;2293495.594327648;2564865.7036583754;
03-Sep-2020;271569.2519225917;37065.82145953404;160771.11330971846;2293509.227326146;2565078.4792487375;271569.2519225917;37065.82145953404;160771.11330971846;2293509.227326146;2565078.4792487375;
03-Sep-2020;271768.6282381902;37068.58424511141;160783.7486987914;2293522.8217807394;2565291.45001893;271768.6282381902;37068.58424511141;160783.7486987914;2293522.8217807394;2565291.45001893;
03-Sep-2020;271968.23717152677;37071.35164798297;160796.3988299144;2293536.378877415;2565504.616048942;271968.23717152677;37071.35164798297;160796.3988299144;2293536.378877415;2565504.616048942;
04-Sep-2020;272168.07764823706;37074.12362751495;160809.0636350001;2293549.8997781957;2565717.9774264325;272168.07764823706;37074.12362751495;160809.0636350001;2293549.8997781957;2565717.9774264325;
04-Sep-2020;272368.14862477506;37076.90014390048;160821.74304791415;2293563.385621704;2565931.534246479;272368.14862477506;37076.90014390048;160821.74304791415;2293563.385621704;2565931.534246479;
04-Sep-2020;272568.44908762723;37079.681158146996;160834.43700442562;2293576.837523705;2566145.286611332;272568.44908762723;37079.681158146996;160834.43700442562;2293576.837523705;2566145.286611332;
04-Sep-2020;272768.97805255296;37082.46663206371;160847.14544215868;2293590.2565776315;2566359.2346301842;272768.97805255296;37082.46663206371;160847.14544215868;2293590.2565776315;2566359.2346301842;
04-Sep-2020;272969.7345638497;37085.2565282491;160859.86830054608;2293603.6438550954;2566573.3784189452;272969.7345638497;37085.2565282491;160859.86830054608;2293603.6438550954;2566573.3784189452;
04-Sep-2020;273170.71769364213;37088.050810078465;160872.6055207841;2293617.0004063863;2566787.7181000286;273170.71769364213;37088.050810078465;160872.6055207841;2293617.0004063863;2566787.7181000286;
05-Sep-2020;273371.9265411945;37090.84944169161;160885.35704578902;2293630.327260956;2567002.2538021505;273371.9265411945;37090.84944169161;160885.35704578902;2293630.327260956;2567002.2538021505;
05-Sep-2020;273573.36023224454;37093.65238798054;160898.12282015482;2293643.625427882;2567216.985660127;273573.36023224454;37093.65238798054;160898.12282015482;2293643.625427882;2567216.985660127;
05-Sep-2020;273775.01791835896;37096.45961457729;160910.90279011242;2293656.895896335;2567431.913814694;273775.01791835896;37096.45961457729;160910.90279011242;2293656.895896335;2567431.913814694;
05-Sep-2020;273976.8987763089;37099.27108784184;160923.69690349002;2293670.1396360137;2567647.0384123228;273976.8987763089;37099.27108784184;160923.69690349002;2293670.1396360137;2567647.0384123228;
05-Sep-2020;274179.00200746505;37102.08677485011;160936.50510967485;2293683.357597583;2567862.359605048;274179.00200746505;37102.08677485011;160936.50510967485;2293683.357597583;2567862.359605048;
05-Sep-2020;274381.32683721103;37104.90664338213;160949.3273595759;2293696.550713093;2568077.877550304;274381.32683721103;37104.90664338213;160949.3273595759;2293696.550713093;2568077.877550304;
06-Sep-2020;274583.87251437537;37107.730661910224;160962.16360558802;2293709.71989639;2568293.5924107656;274583.87251437537;37107.730661910224;160962.16360558802;2293709.71989639;2568293.5924107656;
06-Sep-2020;274786.6383106801;37110.55879958741;160975.0138015569;2293722.8660435146;2568509.5043541947;274786.6383106801;37110.55879958741;160975.0138015569;2293722.8660435146;2568509.5043541947;
06-Sep-2020;274989.62352020625;37113.39102623585;160987.8779027452;2293735.990033089;2568725.6135532954;274989.62352020625;37113.39102623585;160987.8779027452;2293735.990033089;2568725.6135532954;
06-Sep-2020;275192.827458875;37116.227312335475;161000.7558657998;2293749.092726699;2568941.9201855743;275192.827458875;37116.227312335475;161000.7558657998;2293749.092726699;2568941.9201855743;
06-Sep-2020;275396.2494639445;37119.06762901273;161013.6476487196;2293762.1749692596;2569158.4244332043;275396.2494639445;37119.06762901273;161013.6476487196;2293762.1749692596;2569158.4244332043;
06-Sep-2020;275599.8888935211;37121.91194802941;161026.55321082493;2293775.237589375;2569375.126482896;275599.8888935211;37121.91194802941;161026.55321082493;2293775.237589375;2569375.126482896;
07-Sep-2020;275803.7451260848;37124.76024177169;161039.47251272722;2293788.2813996896;2569592.0265257745;275803.7451260848;37124.76024177169;161039.47251272722;2293788.2813996896;2569592.0265257745;
07-Sep-2020;276007.8175600284;37127.61248323926;161052.40551629988;2293801.30719723;2569809.124757258;276007.8175600284;37127.61248323926;161052.40551629988;2293801.30719723;2569809.124757258;
07-Sep-2020;276212.10561321;37130.46864603459;161065.3521846499;2293814.3157637357;2570026.421376946;276212.10561321;37130.46864603459;161065.3521846499;2293814.3157637357;2570026.421376946;
07-Sep-2020;276416.60872251756;37133.32870435239;161078.3124820903;2293827.3078659857;2570243.9165885034;276416.60872251756;37133.32870435239;161078.3124820903;2293827.3078659857;2570243.9165885034;
07-Sep-2020;276621.3263434462;37136.192632969134;161091.2863741133;2293840.284256116;2570461.610599562;276621.3263434462;37136.192632969134;161091.2863741133;2293840.284256116;2570461.610599562;
07-Sep-2020;276826.2579496871;37139.060407232784;161104.2738273643;2293853.245671924;2570679.5036216113;276826.2579496871;37139.060407232784;161104.2738273643;2293853.245671924;2570679.5036216113;
08-Sep-2020;277031.40303272725;37141.93200305264;161117.27480961653;2293866.1928371764;2570897.5958699035;277031.40303272725;37141.93200305264;161117.27480961653;2293866.1928371764;2570897.5958699035;
08-Sep-2020;277236.7611014612;37144.80739688934;161130.28928974638;2293879.1264618994;2571115.8875633604;277236.7611014612;37144.80739688934;161130.28928974638;2293879.1264618994;2571115.8875633604;
08-Sep-2020;277442.33168181207;37147.68656574497;161143.31723770942;2293892.0472426647;2571334.378924477;277442.33168181207;37147.68656574497;161143.31723770942;2293892.0472426647;2571334.378924477;
08-Sep-2020;277648.11431636364;37150.5694871534;161156.3586245171;2293904.9558628756;2571553.0701792394;277648.11431636364;37150.5694871534;161156.3586245171;2293904.9558628756;2571553.0701792394;
08-Sep-2020;277854.1085640019;37153.456139170674;161169.413422214;2293917.8529930343;2571771.9615570363;277854.1085640019;37153.456139170674;161169.413422214;2293917.8529930343;2571771.9615570363;
08-Sep-2020;278060.31399956596;37156.34650036561;161182.48160385576;2293930.7392910137;2571991.0532905795;278060.31399956596;37156.34650036561;161182.48160385576;2293930.7392910137;2571991.0532905795;
09-Sep-2020;278266.7302135084;37159.24054981049;161195.56314348747;2293943.6154023153;2572210.3456158238;278266.7302135084;37159.24054981049;161195.56314348747;2293943.6154023153;2572210.3456158238;
09-Sep-2020;278473.35681156436;37162.13826707197;161208.65801612276;2293956.4819603288;2572429.838771893;278473.35681156436;37162.13826707197;161208.65801612276;2293956.4819603288;2572429.838771893;
09-Sep-2020;278680.193414429;37165.03963220203;161221.76619772334;2293969.3395865755;2572649.5330010047;278680.193414429;37165.03963220203;161221.76619772334;2293969.3395865755;2572649.5330010047;
09-Sep-2020;278887.2396574436;37167.944625729186;161234.88766517912;2293982.1888909573;2572869.4285484008;278887.2396574436;37167.944625729186;161234.88766517912;2293982.1888909573;2572869.4285484008;
09-Sep-2020;279094.4951902891;37170.853228649736;161248.02239628878;2293995.0304719894;2573089.5256622788;279094.4951902891;37170.853228649736;161248.02239628878;2293995.0304719894;2573089.5256622788;
09-Sep-2020;279301.9596766881;37173.76542241922;161261.1703697409;2294007.8649170394;2573309.8245937275;279301.9596766881;37173.76542241922;161261.1703697409;2294007.8649170394;2573309.8245937275;
10-Sep-2020;279509.6327941135;37176.68118894399;161274.33156509543;2294020.6928025475;2573530.325596661;279509.6327941135;37176.68118894399;161274.33156509543;2294020.6928025475;2573530.325596661;
10-Sep-2020;279717.5142335053;37179.600510572905;161287.50596276583;2294033.5146942553;2573751.0289277607;279717.5142335053;37179.600510572905;161287.50596276583;2294033.5146942553;2573751.0289277607;
10-Sep-2020;279925.60369899357;37182.52337008921;161300.6935440015;2294046.3311474174;2573971.934846411;279925.60369899357;37182.52337008921;161300.6935440015;2294046.3311474174;2573971.934846411;
10-Sep-2020;280133.90090762876;37185.449750702515;161313.8942908706;2294059.1427070196;2574193.0436146483;280133.90090762876;37185.449750702515;161313.8942908706;2294059.1427070196;2574193.0436146483;
10-Sep-2020;280342.4055891184;37188.37963604091;161327.1081862435;2294071.9499079827;2574414.3554971013;280342.4055891184;37188.37963604091;161327.1081862435;2294071.9499079827;2574414.3554971013;
10-Sep-2020;280551.1174855704;37191.31301014323;161340.33521377636;2294084.7532753656;2574635.870760936;280551.1174855704;37191.31301014323;161340.33521377636;2294084.7532753656;2574635.870760936;
11-Sep-2020;280760.0363512418;37194.24985745145;161353.57535789534;2294097.5533245686;2574857.58967581;280760.0363512418;37194.24985745145;161353.57535789534;2294097.5533245686;2574857.58967581;
11-Sep-2020;280969.1619522949;37197.19016280319;161366.82860378106;2294110.350561522;2575079.512513817;280969.1619522949;37197.19016280319;161366.82860378106;2294110.350561522;2575079.512513817;
11-Sep-2020;281178.49406655756;37200.133911424404;161380.09493735348;2294123.1454828815;2575301.639549439;281178.49406655756;37200.133911424404;161380.09493735348;2294123.1454828815;2575301.639549439;
11-Sep-2020;281388.03248329053;37203.08108892211;161393.37434525706;2294135.9385762117;2575523.971059502;281388.03248329053;37203.08108892211;161393.37434525706;2294135.9385762117;2575523.971059502;
11-Sep-2020;281597.77700295957;37206.03168127734;161406.66681484642;2294148.7303201696;2575746.507323129;281597.77700295957;37206.03168127734;161406.66681484642;2294148.7303201696;2575746.507323129;
11-Sep-2020;281807.7274370129;37208.98567483814;161419.9723341722;2294161.521184682;2575969.2486216947;281807.7274370129;37208.98567483814;161419.9723341722;2294161.521184682;2575969.2486216947;
12-Sep-2020;282017.8836076641;37211.94305631276;161433.29089196722;2294174.3116311207;2576192.195238785;282017.8836076641;37211.94305631276;161433.29089196722;2294174.3116311207;2576192.195238785;
12-Sep-2020;282228.24534767977;37214.90381276289;161446.62247763315;2294187.102112475;2576415.3474601544;282228.24534767977;37214.90381276289;161446.62247763315;2294187.102112475;2576415.3474601544;
12-Sep-2020;282438.81250017235;37217.86793159709;161459.9670812273;2294199.893073513;2576638.7055736855;282438.81250017235;37217.86793159709;161459.9670812273;2294199.893073513;2576638.7055736855;
12-Sep-2020;282649.5849183973;37220.83540056429;161473.3246934498;2294212.6849509557;2576862.269869353;282649.5849183973;37220.83540056429;161473.3246934498;2294212.6849509557;2576862.269869353;
12-Sep-2020;282860.5624655553;37223.806207747446;161486.69530563106;2294225.478173626;2577086.0406391816;282860.5624655553;37223.806207747446;161486.69530563106;2294225.478173626;2577086.0406391816;
12-Sep-2020;283071.7450145987;37226.780341557256;161500.07890971948;2294238.2731626155;2577310.018177214;283071.7450145987;37226.780341557256;161500.07890971948;2294238.2731626155;2577310.018177214;
13-Sep-2020;283283.1324480422;37229.75779072604;161513.4754982695;2294251.070331431;2577534.2027794733;283283.1324480422;37229.75779072604;161513.4754982695;2294251.070331431;2577534.2027794733;
13-Sep-2020;283494.72465777816;37232.73854430172;161526.88506442978;2294263.870086149;2577758.594743927;283494.72465777816;37232.73854430172;161526.88506442978;2294263.870086149;2577758.594743927;
13-Sep-2020;283706.5215448958;37235.72259164189;161540.30760193197;2294276.6728255623;2577983.194370458;283706.5215448958;37235.72259164189;161540.30760193197;2294276.6728255623;2577983.194370458;
13-Sep-2020;283918.5230195042;37238.70992240802;161553.74310507922;2294289.478941324;2578208.0019608284;283918.5230195042;37238.70992240802;161553.74310507922;2294289.478941324;2578208.0019608284;
13-Sep-2020;284130.72900055983;37241.70052655976;161567.19156873546;2294302.288818092;2578433.017818652;284130.72900055983;37241.70052655976;161567.19156873546;2294302.288818092;2578433.017818652;
13-Sep-2020;284343.13941569725;37244.69439434933;161580.65298831454;2294315.1028336603;2578658.2422493575;284343.13941569725;37244.69439434933;161580.65298831454;2294315.1028336603;2578658.2422493575;
14-Sep-2020;284555.75420106377;37247.691516316045;161594.12735976986;2294327.921359103;2578883.675560167;284555.75420106377;37247.691516316045;161594.12735976986;2294327.921359103;2578883.675560167;
14-Sep-2020;284768.57330115786;37250.69188328091;161607.614679584;2294340.7447589026;2579109.3180600605;284768.57330115786;37250.69188328091;161607.614679584;2294340.7447589026;2579109.3180600605;
14-Sep-2020;284981.5966686709;37253.695486341356;161621.1149447588;2294353.5733910804;2579335.1700597513;284981.5966686709;37253.695486341356;161621.1149447588;2294353.5733910804;2579335.1700597513;
14-Sep-2020;285194.8242643324;37256.70231686602;161634.6281528055;2294366.4076073263;2579561.231871659;285194.8242643324;37256.70231686602;161634.6281528055;2294366.4076073263;2579561.231871659;
14-Sep-2020;285408.25605675863;37259.71236648968;161648.1543017352;2294379.247753124;2579787.503809883;285408.25605675863;37259.71236648968;161648.1543017352;2294379.247753124;2579787.503809883;
14-Sep-2020;285621.89202230435;37262.72562710824;161661.69339004936;2294392.09416787;2580013.9861901742;285621.89202230435;37262.72562710824;161661.69339004936;2294392.09416787;2580013.9861901742;
15-Sep-2020;285835.732144918;37265.74209087383;161675.24541673076;2294404.9471849976;2580240.6793299154;285835.732144918;37265.74209087383;161675.24541673076;2294404.9471849976;2580240.6793299154;
15-Sep-2020;286049.77641599963;37268.76175019;161688.81038123433;2294417.8071320923;2580467.583548092;286049.77641599963;37268.76175019;161688.81038123433;2294417.8071320923;2580467.583548092;
15-Sep-2020;286264.0248342622;37271.78459770701;161702.38828347856;2294430.6743310094;2580694.6991652716;286264.0248342622;37271.78459770701;161702.38828347856;2294430.6743310094;2580694.6991652716;
15-Sep-2020;286478.47740559565;37274.810626317165;161715.97912383667;2294443.5490979836;2580922.026503579;286478.47740559565;37274.810626317165;161715.97912383667;2294443.5490979836;2580922.026503579;
15-Sep-2020;286693.1341429338;37277.8398291503;161729.58290312838;2294456.4317437434;2581149.5658866772;286693.1341429338;37277.8398291503;161729.58290312838;2294456.4317437434;2581149.5658866772;
15-Sep-2020;286907.9950661243;37280.87219956933;161743.1996226115;2294469.322573618;2581377.3176397425;286907.9950661243;37280.87219956933;161743.1996226115;2294469.322573618;2581377.3176397425;
16-Sep-2020;287123.06020180095;37283.90773116584;161756.82928397393;2294482.221887644;2581605.282089445;287123.06020180095;37283.90773116584;161756.82928397393;2294482.221887644;2581605.282089445;
16-Sep-2020;287338.3295832591;37286.94641775584;161770.47188932577;2294495.1299806684;2581833.4595639277;287338.3295832591;37286.94641775584;161770.47188932577;2294495.1299806684;2581833.4595639277;
16-Sep-2020;287553.8032503334;37289.98825337553;161784.12744119152;2294508.047142455;2582061.850392788;287553.8032503334;37289.98825337553;161784.12744119152;2294508.047142455;2582061.850392788;
16-Sep-2020;287769.48124927824;37293.03323227718;161797.79594250253;2294520.973657777;2582290.4549070555;287769.48124927824;37293.03323227718;161797.79594250253;2294520.973657777;2582290.4549070555;
16-Sep-2020;287985.3636326505;37296.08134892508;161811.47739658956;2294533.9098065263;2582519.273439177;287985.3636326505;37296.08134892508;161811.47739658956;2294533.9098065263;2582519.273439177;
16-Sep-2020;288201.4504591951;37299.132597991564;161825.17180717553;2294546.8558638;2582748.306322995;288201.4504591951;37299.132597991564;161825.17180717553;2294546.8558638;2582748.306322995;
17-Sep-2020;288417.74179373245;37302.18697435313;161838.87917836843;2294559.812099999;2582977.5538937314;288417.74179373245;37302.18697435313;161838.87917836843;2294559.812099999;2582977.5538937314;
17-Sep-2020;288634.2377070486;37305.244473086605;161852.5995146543;2294572.77878092;2583207.0164879686;288634.2377070486;37305.244473086605;161852.5995146543;2294572.77878092;2583207.0164879686;
17-Sep-2020;288850.93827578763;37308.3050894654;161866.33282089044;2294585.756167848;2583436.6944436356;288850.93827578763;37308.3050894654;161866.33282089044;2294585.756167848;2583436.6944436356;
17-Sep-2020;289067.84358234605;37311.36881895585;161880.07910229865;2294598.744517643;2583666.588099989;289067.84358234605;37311.36881895585;161880.07910229865;2294598.744517643;2583666.588099989;
17-Sep-2020;289284.9537147695;37314.435657213595;161893.83836445882;2294611.744082828;2583896.6977975974;289284.9537147695;37314.435657213595;161893.83836445882;2294611.744082828;2583896.6977975974;
17-Sep-2020;289502.2687666517;37317.50560008003;161907.6106133024;2294624.7551116752;2584127.023878327;289502.2687666517;37317.50560008003;161907.6106133024;2294624.7551116752;2584127.023878327;
18-Sep-2020;289719.7888370351;37320.57864357888;161921.39585510615;2294637.77784829;2584357.566685325;289719.7888370351;37320.57864357888;161921.39585510615;2294637.77784829;2584357.566685325;
18-Sep-2020;289937.5140303142;37323.65478391277;161935.19409648606;2294650.812532692;2584588.3265630063;289937.5140303142;37323.65478391277;161935.19409648606;2294650.812532692;2584588.3265630063;
18-Sep-2020;290155.44445614016;37326.73401745988;161949.0053443912;2294663.859400897;2584819.303857037;290155.44445614016;37326.73401745988;161949.0053443912;2294663.859400897;2584819.303857037;
18-Sep-2020;290373.5802293277;37329.81634077071;161962.8296060979;2294676.918684995;2585050.4989143224;290373.5802293277;37329.81634077071;161962.8296060979;2294676.918684995;2585050.4989143224;
18-Sep-2020;290591.9214697641;37332.90175056485;161976.66688920395;2294689.9906132296;2585281.912082994;290591.9214697641;37332.90175056485;161976.66688920395;2294689.9906132296;2585281.912082994;
18-Sep-2020;290810.46830231947;37335.99024372784;161990.51720162298;2294703.075410073;2585513.5437123924;290810.46830231947;37335.99024372784;161990.51720162298;2294703.075410073;2585513.5437123924;
19-Sep-2020;291029.22085675946;37339.08181730809;162004.38055157883;2294716.1732962998;2585745.3941530595;291029.22085675946;37339.08181730809;162004.38055157883;2294716.1732962998;2585745.3941530595;
19-Sep-2020;291248.1792676595;37342.17646851384;162018.25694760014;2294729.2844890626;2585977.463756722;291248.1792676595;37342.17646851384;162018.25694760014;2294729.2844890626;2585977.463756722;
19-Sep-2020;291467.3436743205;37345.27419471022;162032.14639851503;2294742.40920196;2586209.752876281;291467.3436743205;37345.27419471022;162032.14639851503;2294742.40920196;2586209.752876281;
19-Sep-2020;291686.7142206868;37348.37499341631;162046.04891344596;2294755.5476451116;2586442.2618657984;291686.7142206868;37348.37499341631;162046.04891344596;2294755.5476451116;2586442.2618657984;
19-Sep-2020;291906.2910552655;37351.47886230234;162059.96450180447;2294768.7000252227;2586674.991080488;291906.2910552655;37351.47886230234;162059.96450180447;2294768.7000252227;2586674.991080488;
19-Sep-2020;292126.07433104725;37354.58579918683;162073.89317328628;2294781.8665456544;2586907.940876702;292126.07433104725;37354.58579918683;162073.89317328628;2294781.8665456544;2586907.940876702;
20-Sep-2020;292346.0642054288;37357.6958020339;162087.83493786637;2294795.047406492;2587141.111611921;292346.0642054288;37357.6958020339;162087.83493786637;2294795.047406492;2587141.111611921;
20-Sep-2020;292566.29043578845;37360.808872583504;162101.79168140588;2294957.6416887385;2587523.932124527;292566.29043578845;37360.808872583504;162101.79168140588;2294957.6416887385;2587523.932124527;
20-Sep-2020;292786.8695741093;37363.92504762701;162115.77079033712;2295153.7916244194;2587940.661198529;292786.8695741093;37363.92504762701;162115.77079033712;2295153.7916244194;2587940.661198529;
20-Sep-2020;293007.97167958255;37367.044434817704;162129.78304208885;2295353.02719412;2588360.9988737027;293007.97167958255;37367.044434817704;162129.78304208885;2295353.02719412;2588360.9988737027;
20-Sep-2020;293229.7595061605;37370.16721772712;162143.8387511235;2295555.36250295;2588785.12200911;293229.7595061605;37370.16721772712;162143.8387511235;2295555.36250295;2588785.12200911;
20-Sep-2020;293452.3888072919;37373.29364987199;162157.94778824953;2295760.814547219;2589213.203354511;293452.3888072919;37373.29364987199;162157.94778824953;2295760.814547219;2589213.203354511;
21-Sep-2020;293676.00878415536;37376.42404918932;162172.11960902807;2295969.402142352;2589645.4109265073;293676.00878415536;37376.42404918932;162172.11960902807;2295969.402142352;2589645.4109265073;
21-Sep-2020;293900.7625085192;37379.55879290032;162186.36328057153;2296181.148731201;2590081.9112397204;293900.7625085192;37379.55879290032;162186.36328057153;2296181.148731201;2590081.9112397204;
21-Sep-2020;294126.7873231364;37382.69831273898;162200.68750691833;2296396.0795160206;2590522.866839157;294126.7873231364;37382.69831273898;162200.68750691833;2296396.0795160206;2590522.866839157;
21-Sep-2020;294354.2152191381;37385.84309052271;162215.1006529502;2296614.2184854606;2590968.433704599;294354.2152191381;37385.84309052271;162215.1006529502;2296614.2184854606;2590968.433704599;
21-Sep-2020;294583.1731899138;37388.993654042555;162229.61076681913;2296835.5911996793;2591418.764389593;294583.1731899138;37388.993654042555;162229.61076681913;2296835.5911996793;2591418.764389593;
21-Sep-2020;294813.78356425493;37392.15057325197;162244.22560106014;2297060.2247383986;2591874.0083026537;294813.78356425493;37392.15057325197;162244.22560106014;2297060.2247383986;2591874.0083026537;
22-Sep-2020;295046.16432044597;37395.314456734835;162258.95263249677;2297288.1476525827;2592334.311973029;295046.16432044597;37395.314456734835;162258.95263249677;2297288.1476525827;2592334.311973029;
22-Sep-2020;295280.42938291235;37398.485948434856;162273.79908104092;2297519.3928286247;2592799.822211537;295280.42938291235;37398.485948434856;162273.79908104092;2297519.3928286247;2592799.822211537;
22-Sep-2020;295516.6889038891;37401.66572463016;162288.7719275436;2297753.9946163474;2593270.6835202365;295516.6889038891;37401.66572463016;162288.7719275436;2297753.9946163474;2593270.6835202365;
22-Sep-2020;295755.0495291174;37404.85449113767;162303.87793063323;2297991.9858438284;2593747.035372946;295755.0495291174;37404.85449113767;162303.87793063323;2297991.9858438284;2593747.035372946;
22-Sep-2020;295995.6146466225;37408.05298073181;162319.12364248183;2298233.400652143;2594229.0152987656;295995.6146466225;37408.05298073181;162319.12364248183;2298233.400652143;2594229.0152987656;
22-Sep-2020;296238.48462097737;37411.261950763044;162334.5154236515;2298478.2744625024;2594716.7590834796;296238.48462097737;37411.261950763044;162334.5154236515;2298478.2744625024;2594716.7590834796;
23-Sep-2020;296483.7570143761;37414.482180962994;162350.0594571047;2298726.6439459356;2595210.4009603118;296483.7570143761;37414.482180962994;162350.0594571047;2298726.6439459356;2595210.4009603118;
23-Sep-2020;296731.5267957889;37417.71447142409;162365.76176145952;2298978.5499475636;2595710.0767433527;296731.5267957889;37417.71447142409;162365.76176145952;2298978.5499475636;2595710.0767433527;
23-Sep-2020;296981.8865403617;37420.9596407429;162381.62820362634;2299234.034594426;2596215.9211347876;296981.8865403617;37420.9596407429;162381.62820362634;2299234.034594426;2596215.9211347876;
23-Sep-2020;297234.9266177358;37424.21852431687;162397.6645107427;2299493.138279442;2596728.064897178;297234.9266177358;37424.21852431687;162397.6645107427;2299493.138279442;2596728.064897178;
23-Sep-2020;297490.7353680263;37427.49197278384;162413.87628132576;2299755.902550299;2597246.6379183256;297490.7353680263;37427.49197278384;162413.87628132576;2299755.902550299;2597246.6379183256;
23-Sep-2020;297749.3992676125;37430.7808505941;162430.26899577925;2300022.3700901135;2597771.769357726;297749.3992676125;37430.7808505941;162430.26899577925;2300022.3700901135;2597771.769357726;
24-Sep-2020;298011.0030858187;37434.086034706175;162446.84802632296;2300292.584699909;2598303.587785728;298011.0030858187;37434.086034706175;162446.84802632296;2300292.584699909;2598303.587785728;
24-Sep-2020;298275.6300335266;37437.408413398174;162463.61864641108;2300566.594292578;2598842.2243261044;298275.6300335266;37437.408413398174;162463.61864641108;2300566.594292578;2598842.2243261044;
24-Sep-2020;298543.3619056871;37440.748885187444;162480.5860397638;2300844.447962888;2599387.809868575;298543.3619056871;37440.748885187444;162480.5860397638;2300844.447962888;2599387.809868575;
24-Sep-2020;298814.27921615867;37444.108357851976;162497.75530891257;2301126.1929209502;2599940.472137109;298814.27921615867;37444.108357851976;162497.75530891257;2301126.1929209502;2599940.472137109;
24-Sep-2020;299088.46132337383;37447.48774754599;162515.13148316427;2301411.877444917;2600500.338768291;299088.46132337383;37447.48774754599;162515.13148316427;2301411.877444917;2600500.338768291;
24-Sep-2020;299365.9865488256;37450.887978002655;162532.71952611013;2301701.5508713597;2601067.5374201853;299365.9865488256;37450.887978002655;162532.71952611013;2301701.5508713597;2601067.5374201853;
25-Sep-2020;299646.93228928535;37454.30997981804;162550.5243427376;2301995.2635869496;2601642.195876235;299646.93228928535;37454.30997981804;162550.5243427376;2301995.2635869496;2601642.195876235;
25-Sep-2020;299931.3751225929;37457.75468981049;162568.55078613464;2302293.0637723324;2602224.438894925;299931.3751225929;37457.75468981049;162568.55078613464;2302293.0637723324;2602224.438894925;
25-Sep-2020;300219.3909058021;37461.22305044972;162586.80366370975;2302595.00053648;2602814.391442282;300219.3909058021;37461.22305044972;162586.80366370975;2302595.00053648;2602814.391442282;
25-Sep-2020;300511.0548682338;37464.716009350035;162605.28774308908;2302901.1272119824;2603412.1820802162;300511.0548682338;37464.716009350035;162605.28774308908;2302901.1272119824;2603412.1820802162;
25-Sep-2020;300806.441701862;37468.23451882398;162624.00775784464;2303211.498155395;2604017.939857257;300806.441701862;37468.23451882398;162624.00775784464;2303211.498155395;2604017.939857257;
25-Sep-2020;301105.6256476429;37471.77953549275;162642.96841296542;2303526.168744354;2604631.7943919967;301105.6256476429;37471.77953549275;162642.96841296542;2303526.168744354;2604631.7943919967;
26-Sep-2020;301408.6805775214;37475.35201994961;162662.17439005448;2303845.195375651;2605253.8759531723;301408.6805775214;37475.35201994961;162662.17439005448;2303845.195375651;2605253.8759531723;
26-Sep-2020;301715.6800718258;37478.95293647235;162681.63035223377;2304168.6321184724;2605884.312190298;301715.6800718258;37478.95293647235;162681.63035223377;2304168.6321184724;2605884.312190298;
26-Sep-2020;302026.69749067974;37482.58325278069;162701.34094866988;2304496.533940565;2606523.2314312444;302026.69749067974;37482.58325278069;162701.34094866988;2304496.533940565;2606523.2314312444;
26-Sep-2020;302341.80604194384;37486.24393983476;162721.31081887978;2304828.9601107244;2607170.7661526683;302341.80604194384;37486.24393983476;162721.31081887978;2304828.9601107244;2607170.7661526683;
26-Sep-2020;302661.0788480823;37489.93597167228;162741.5445969685;2305165.97091287;2607827.049760952;302661.0788480823;37489.93597167228;162741.5445969685;2305165.97091287;2607827.049760952;
26-Sep-2020;302984.58901042945;37493.66032528247;162762.04691570197;2305507.627648138;2608492.2166585675;302984.58901042945;37493.66032528247;162762.04691570197;2305507.627648138;2608492.2166585675;
27-Sep-2020;303312.40967048955;37497.41798051403;162782.82241039185;2305853.992637703;2609166.4023081926;303312.40967048955;37497.41798051403;162782.82241039185;2305853.992637703;2609166.4023081926;
27-Sep-2020;303644.6140673398;37501.20992001457;162803.87572253347;2306205.122477217;2609849.736544557;303644.6140673398;37501.20992001457;162803.87572253347;2306205.122477217;2609849.736544557;
27-Sep-2020;303981.2755880402;37505.03712919773;162825.2115030005;2306561.0745346337;2610542.350122674;303981.2755880402;37505.03712919773;162825.2115030005;2306561.0745346337;2610542.350122674;
27-Sep-2020;304322.4678158023;37508.900596234635;162846.83441509763;2306921.913823907;2611244.381639709;304322.4678158023;37508.900596234635;162846.83441509763;2306921.913823907;2611244.381639709;
27-Sep-2020;304668.2645804613;37512.801312069125;162868.7491377592;2307287.70638613;2611955.970966591;304668.2645804613;37512.801312069125;162868.7491377592;2307287.70638613;2611955.970966591;
27-Sep-2020;305018.7400079067;37516.74027045651;162890.9603686819;2307658.5192952114;2612677.259303118;305018.7400079067;37516.74027045651;162890.9603686819;2307658.5192952114;2612677.259303118;
28-Sep-2020;305373.9685674765;37520.71846802409;162913.4728273283;2308034.42066412;2613408.3892315966;305373.9685674765;37520.71846802409;162913.4728273283;2308034.42066412;2613408.3892315966;
28-Sep-2020;305734.02511628694;37524.73690435175;162936.29125773627;2308415.4726350214;2614149.497751308;305734.02511628694;37524.73690435175;162936.29125773627;2308415.4726350214;2614149.497751308;
28-Sep-2020;306098.9849372166;37528.79658206949;162959.42043092614;2308801.7381235957;2614900.723060813;306098.9849372166;37528.79658206949;162959.42043092614;2308801.7381235957;2614900.723060813;
28-Sep-2020;306468.9237754258;37532.89850696929;162982.8651472152;2309193.2879747646;2615662.2117501902;306468.9237754258;37532.89850696929;162982.8651472152;2309193.2879747646;2615662.2117501902;
28-Sep-2020;306843.9178780862;37537.043688131496;163006.63023873547;2309590.194091012;2616434.111969098;306843.9178780862;37537.043688131496;163006.63023873547;2309590.194091012;2616434.111969098;
28-Sep-2020;307224.04403380275;37541.23313806603;163030.72057193206;2309992.5294408062;2617216.573474609;307224.04403380275;37541.23313806603;163030.72057193206;2309992.5294408062;2617216.573474609;
29-Sep-2020;307609.3796106487;37545.467872867535;163055.1410499737;2310400.3680674806;2618009.7476781295;307609.3796106487;37545.467872867535;163055.1410499737;2310400.3680674806;2618009.7476781295;
29-Sep-2020;308000.0025916968;37549.74891238305;163079.89661500434;2310813.7777717533;2618813.78036345;308000.0025916968;37549.74891238305;163079.89661500434;2310813.7777717533;2618813.78036345;
29-Sep-2020;308395.99160457705;37554.077280389734;163104.9922500166;2311232.827142503;2619628.81874708;308395.99160457705;37554.077280389734;163104.9922500166;2311232.827142503;2619628.81874708;
29-Sep-2020;308797.42595011345;37558.45400478035;163130.4329806664;2311657.59303739;2620455.0189875034;308797.42595011345;37558.45400478035;163130.4329806664;2311657.59303739;2620455.0189875034;
29-Sep-2020;309204.3856348869;37562.880117757275;163156.22387733674;2312088.153416114;2621292.539051001;309204.3856348869;37562.880117757275;163156.22387733674;2312088.153416114;2621292.539051001;
29-Sep-2020;309616.951404024;37567.35665603587;163182.3700572156;2312524.587350996;2622141.53875502;309616.951404024;37567.35665603587;163182.3700572156;2312524.587350996;2622141.53875502;
30-Sep-2020;310035.2047730528;37571.88466105662;163208.87668631485;2312966.97503795;2623002.179811003;310035.2047730528;37571.88466105662;163208.87668631485;2312966.97503795;2623002.179811003;
30-Sep-2020;310459.228057626;37576.46517920517;163235.7489813539;2313415.39012603;2623874.618183656;310459.228057626;37576.46517920517;163235.7489813539;2313415.39012603;2623874.618183656;
30-Sep-2020;310889.10439744015;37581.09926203791;163262.99221127568;2313869.907077067;2624759.0114745074;310889.10439744015;37581.09926203791;163262.99221127568;2313869.907077067;2624759.0114745074;
30-Sep-2020;311324.9177796162;37585.78796651112;163290.6116987281;2314330.6090165055;2625655.5267961216;311324.9177796162;37585.78796651112;163290.6116987281;2314330.6090165055;2625655.5267961216;
30-Sep-2020;311766.75306659983;37590.53235521489;163318.6128218326;2314797.580227302;2626564.3332939018;311766.75306659983;37590.53235521489;163318.6128218326;2314797.580227302;2626564.3332939018;
30-Sep-2020;312214.6960246843;37595.333496612984;163347.0010159914;2315270.9061622676;2627485.602186952;312214.6960246843;37595.333496612984;163347.0010159914;2315270.9061622676;2627485.602186952;
01-Oct-2020;312668.83335191983;37600.19246528825;163375.78177565656;2315750.6734567434;2628419.5068086633;312668.83335191983;37600.19246528825;163375.78177565656;2315750.6734567434;2628419.5068086633;
01-Oct-2020;313129.25270412426;37605.110342193075;163404.96065597818;2316236.9618577072;2629366.2145618317;313129.25270412426;37605.110342193075;163404.96065597818;2316236.9618577072;2629366.2145618317;
01-Oct-2020;313596.04271511023;37610.08821490258;163434.54327408638;2316729.8519570017;2630325.894672112;313596.04271511023;37610.08821490258;163434.54327408638;2316729.8519570017;2630325.894672112;
01-Oct-2020;314069.29301664303;37615.12717786883;163464.5353103561;2317229.4334601844;2631298.726476827;314069.29301664303;37615.12717786883;163464.5353103561;2317229.4334601844;2631298.726476827;
01-Oct-2020;314549.0942634381;37620.22833267743;163494.9425099913;2317735.797294649;2632284.891558087;314549.0942634381;37620.22833267743;163494.9425099913;2317735.797294649;2632284.891558087;
01-Oct-2020;315035.53815908526;37625.39278830798;163525.77068466795;2318249.035623447;2633284.5737825325;315035.53815908526;37625.39278830798;163525.77068466795;2318249.035623447;2633284.5737825325;
02-Oct-2020;315528.71748158423;37630.62166139835;163557.02571415223;2318769.241859405;2634297.959340989;315528.71748158423;37630.62166139835;163557.02571415223;2318769.241859405;2634297.959340989;
02-Oct-2020;316028.72610852856;37635.916076512316;163588.71354789668;2319296.5106795398;2635325.2367880684;316028.72610852856;37635.916076512316;163588.71354789668;2319296.5106795398;2635325.2367880684;
02-Oct-2020;316535.65904197464;37641.27716641039;163620.84020661612;2319830.9380397685;2636366.597081743;316535.65904197464;37641.27716641039;163620.84020661612;2319830.9380397685;2636366.597081743;
02-Oct-2020;317049.6124330289;37646.70607232358;163653.411783846;2320372.621189904;2637422.233622933;317049.6124330289;37646.70607232358;163653.411783846;2320372.621189904;2637422.233622933;
02-Oct-2020;317570.6836061854;37652.20394422981;163686.43444748467;2320921.6586889406;2638492.342295126;317570.6836061854;37652.20394422981;163686.43444748467;2320921.6586889406;2638492.342295126;
02-Oct-2020;318098.9710834448;37657.7719411329;163719.91444132192;2321478.150420621;2639577.1215040656;318098.9710834448;37657.7719411329;163719.91444132192;2321478.150420621;2639577.1215040656;
03-Oct-2020;318634.57460824173;37663.41123134379;163753.85808655544;2322042.197609278;2640676.7722175196;318634.57460824173;37663.41123134379;163753.85808655544;2322042.197609278;2640676.7722175196;
03-Oct-2020;319177.59516921046;37669.12299276395;163788.27178329692;2322613.9028359614;2641791.498005172;319177.59516921046;37669.12299276395;163788.27178329692;2322613.9028359614;2641791.498005172;
03-Oct-2020;319728.13502381195;37674.90841317086;163823.1620120694;2323193.370054837;2642921.5050786487;319728.13502381195;37674.90841317086;163823.1620120694;2323193.370054837;2642921.5050786487;
03-Oct-2020;320286.2977218489;37680.76869050527;163858.53533529752;2323780.7046098565;2644067.0023317053;320286.2977218489;37680.76869050527;163858.53533529752;2323780.7046098565;2644067.0023317053;
03-Oct-2020;320852.18812889076;37686.705033160324;163894.39839879205;2324376.013251701;2645228.201380592;320852.18812889076;37686.705033160324;163894.39839879205;2324376.013251701;2645228.201380592;
03-Oct-2020;321425.91244963167;37692.71866027234;163930.75793323026;2324979.404154999;2646405.316604631;321425.91244963167;37692.71866027234;163930.75793323026;2324979.404154999;2646405.316604631;
04-Oct-2020;322007.57825120154;37698.81080201318;163967.62075563316;2325590.9869358065;2647598.565187008;322007.57825120154;37698.81080201318;163967.62075563316;2325590.9869358065;2647598.565187008;
04-Oct-2020;322597.2944864512;37704.982699884175;164004.9937708413;2326210.8726693583;2648808.1671558092;322597.2944864512;37704.982699884175;164004.9937708413;2326210.8726693583;2648808.1671558092;
04-Oct-2020;323195.1715172294;37711.2356070115;164042.88397298983;2326839.17390809;2650034.3454253194;323195.1715172294;37711.2356070115;164042.88397298983;2326839.17390809;2650034.3454253194;
04-Oct-2020;323801.3211376711;37717.57078844299;164081.2984469844;2327476.004699923;2651277.325837594;323801.3211376711;37717.57078844299;164081.2984469844;2327476.004699923;2651277.325837594;
04-Oct-2020;324415.8565975133;37723.98952144633;164120.24436997887;2328121.4806068162;2652537.3372043297;324415.8565975133;37723.98952144633;164120.24436997887;2328121.4806068162;2652537.3372043297;
04-Oct-2020;325038.89262545516;37730.493095808626;164159.72901285568;2328775.7187235886;2653814.611349044;325038.89262545516;37730.493095808626;164159.72901285568;2328775.7187235886;2653814.611349044;
05-Oct-2020;325670.5454525783;37737.08281413728;164199.75974171012;2329438.837697002;2655109.3831495806;325670.5454525783;37737.08281413728;164199.75974171012;2329438.837697002;2655109.3831495806;
05-Oct-2020;326310.9328358418;37743.75999216222;164240.3440193393;2330110.9577451134;2656421.890580955;326310.9328358418;37743.75999216222;164240.3440193393;2330110.9577451134;2656421.890580955;
05-Oct-2020;326960.174081667;37750.52595903947;164281.48940673686;2330792.2006768957;2657752.3747585625;326960.174081667;37750.52595903947;164281.48940673686;2330792.2006768957;2657752.3747585625;
05-Oct-2020;327618.3900696246;37757.38205765602;164323.2035645941;2331482.6899121203;2659101.0799817448;327618.3900696246;37757.38205765602;164323.2035645941;2331482.6899121203;2659101.0799817448;
05-Oct-2020;328285.7032762385;37764.329644936006;164365.49425480855;2332182.550501516;2660468.2537777545;328285.7032762385;37764.329644936006;164365.49425480855;2332182.550501516;2660468.2537777545;
05-Oct-2020;328962.23779891804;37771.3700921483;164408.36934200066;2332891.909147185;2661854.146946103;328962.23779891804;37771.3700921483;164408.36934200066;2332891.909147185;2661854.146946103;
06-Oct-2020;329648.1193800308;37778.504785215446;164451.83679503942;2333610.8942232956;2663259.0136033264;329648.1193800308;37778.504785215446;164451.83679503942;2333610.8942232956;2663259.0136033264;
06-Oct-2020;330343.47543112794;37785.73512502395;164495.9046885776;2334339.6357970433;2664683.1112281713;330343.47543112794;37785.73512502395;164495.9046885776;2334339.6357970433;2664683.1112281713;
06-Oct-2020;331048.43505733303;37793.06252773608;164540.58120459743;2335078.2656498803;2666126.7007072135;331048.43505733303;37793.06252773608;164540.58120459743;2335078.2656498803;2666126.7007072135;
06-Oct-2020;331763.12908190466;37800.48842510303;164585.8746339672;2335826.9172990187;2667590.0463809236;331763.12908190466;37800.48842510303;164585.8746339672;2335826.9172990187;2667590.0463809236;
06-Oct-2020;332487.6900709839;37808.014264779646;164631.7933780096;2336585.7260192055;2669073.4160901895;332487.6900709839;37808.014264779646;164631.7933780096;2336585.7260192055;2669073.4160901895;
06-Oct-2020;333222.25235853577;37815.641510640664;164678.34595008247;2337354.8288647733;2670577.081223309;333222.25235853577;37815.641510640664;164678.34595008247;2337354.8288647733;2670577.081223309;
07-Oct-2020;333966.9520714949;37823.37164309855;164725.5409771723;2338134.364691959;2672101.316763454;333966.9520714949;37823.37164309855;164725.5409771723;2338134.364691959;2672101.316763454;
07-Oct-2020;334721.92715512443;37831.20615942294;164773.38720150138;2338924.4741815133;2673646.401336638;334721.92715512443;37831.20615942294;164773.38720150138;2338924.4741815133;2673646.401336638;
07-Oct-2020;335487.3173985971;37839.146574061764;164821.89348214897;2339725.2998615718;2675212.617260169;335487.3173985971;37839.146574061764;164821.89348214897;2339725.2998615718;2675212.617260169;
07-Oct-2020;336263.26446080697;37847.194418964136;164871.06879668718;2340536.986130818;2676800.2505916245;336263.26446080697;37847.194418964136;164871.06879668718;2340536.986130818;2676800.2505916245;
07-Oct-2020;337049.9118964211;37855.35124390501;164920.92224283185;2341359.679281917;2678409.591178338;337049.9118964211;37855.35124390501;164920.92224283185;2341359.679281917;2678409.591178338;
07-Oct-2020;337847.40518217813;37863.61861681168;164971.46304010932;2342193.5275252443;2680040.9327074224;337847.40518217813;37863.61861681168;164971.46304010932;2342193.5275252443;2680040.9327074224;
08-Oct-2020;338655.8917434426;37871.99812409218;165022.70053153927;2343038.681012883;2681694.5727563254;338655.8917434426;37871.99812409218;165022.70053153927;2343038.681012883;2681694.5727563254;
08-Oct-2020;339475.52098102256;37880.491370965676;165074.6441853343;2343895.2918629204;2683370.812843943;339475.52098102256;37880.491370965676;165074.6441853343;2343895.2918629204;2683370.812843943;
08-Oct-2020;340306.4442982578;37889.09998179487;165127.30359661655;2344763.5141840223;2685069.9584822804;340306.4442982578;37889.09998179487;165127.30359661655;2344763.5141840223;2685069.9584822804;
08-Oct-2020;341148.81512838637;37897.82560042049;165180.68848915212;2345643.5041003036;2686792.31922869;341148.81512838637;37897.82560042049;165180.68848915212;2345643.5041003036;2686792.31922869;
08-Oct-2020;342002.7889621961;37906.66989049797;165234.80871710347;2346535.4197764834;2688538.2087386795;342002.7889621961;37906.66989049797;165234.80871710347;2346535.4197764834;2688538.2087386795;
08-Oct-2020;342868.5233759688;37915.63453583634;165289.67426680034;2347439.421443338;2690307.944819307;342868.5233759688;37915.63453583634;165289.67426680034;2347439.421443338;2690307.944819307;
09-Oct-2020;343746.17805972364;37924.72124073938;165345.29525852966;2348355.671423444;2692101.8494831678;343746.17805972364;37924.72124073938;165345.29525852966;2348355.671423444;2692101.8494831678;
09-Oct-2020;344635.91484576627;37933.93173034922;165401.68194834486;2349284.3341572224;2693920.249002989;344635.91484576627;37933.93173034922;165401.68194834486;2349284.3341572224;2693920.249002989;
09-Oct-2020;345537.8977375508;37943.26775099227;165458.844729895;2350225.576229274;2695763.473966825;345537.8977375508;37943.26775099227;165458.844729895;2350225.576229274;2695763.473966825;
09-Oct-2020;346452.2929388608;37952.73107052776;165516.79413627405;2351179.566395022;2697631.8593338826;346452.2929388608;37952.73107052776;165516.79413627405;2351179.566395022;2697631.8593338826;
09-Oct-2020;347379.26888331573;37962.323478698774;165575.5408418909;2352146.475607652;2699525.744490968;347379.26888331573;37962.323478698774;165575.5408418909;2352146.475607652;2699525.744490968;
09-Oct-2020;348318.99626420933;37972.046787485975;165635.09566436036;2353126.4770453605;2701445.47330957;348318.99626420933;37972.046787485975;165635.09566436036;2353126.4770453605;2701445.47330957;
10-Oct-2020;349271.6480646858;37981.902831464045;165695.46956641547;2354119.7461388996;2703391.3942035856;349271.6480646858;37981.902831464045;165695.46956641547;2354119.7461388996;2703391.3942035856;
10-Oct-2020;350237.3995882604;37991.89346816093;165756.67365784183;2355126.460599441;2705363.8601877014;350237.3995882604;37991.89346816093;165756.67365784183;2355126.460599441;2705363.8601877014;
10-Oct-2020;351216.42848968995;38002.02057841993;165818.71919743402;2356146.8004467417;2707363.228936432;351216.42848968995;38002.02057841993;165818.71919743402;2356146.8004467417;2707363.228936432;
10-Oct-2020;352208.91480619967;38012.286066764755;165881.61759497446;2357180.9480376244;2709389.862843824;352208.91480619967;38012.286066764755;165881.61759497446;2357180.9480376244;2709389.862843824;
10-Oct-2020;353215.0409890721;38022.69186176761;165945.38041323549;2358229.088094771;2711444.129083843;353215.0409890721;38022.69186176761;165945.38041323549;2358229.088094771;2711444.129083843;
10-Oct-2020;354234.99193560384;38033.23991642033;166010.0193700045;2359291.4077358297;2713526.3996714335;354234.99193560384;38033.23991642033;166010.0193700045;2359291.4077358297;2713526.3996714335;
11-Oct-2020;355268.95502143604;38043.93220850873;166075.54634013295;2360368.096502845;2715637.051524281;355268.95502143604;38043.93220850873;166075.54634013295;2360368.096502845;2715637.051524281;
11-Oct-2020;356317.1201332646;38054.7707409902;166141.9733576093;2361459.3463919964;2717776.466525261;356317.1201332646;38054.7707409902;166141.9733576093;2361459.3463919964;2717776.466525261;
11-Oct-2020;357379.67970193515;38065.757542374566;166209.3126176564;2362565.35188367;2719945.031585605;357379.67970193515;38065.757542374566;166209.3126176564;2362565.35188367;2719945.031585605;
11-Oct-2020;358456.82873592945;38076.89466710843;166277.57647885373;2363686.309972847;2722143.1387087763;358456.82873592945;38076.89466710843;166277.57647885373;2363686.309972847;2722143.1387087763;
11-Oct-2020;359548.76485524786;38088.18419596291;166346.77746528466;2364822.420199815;2724371.185055063;359548.76485524786;38088.18419596291;166346.77746528466;2364822.420199815;2724371.185055063;
11-Oct-2020;360655.68832569424;38099.628236425015;166416.92826870916;2365973.884681213;2726629.5730069075;360655.68832569424;38099.628236425015;166416.92826870916;2365973.884681213;2726629.5730069075;
12-Oct-2020;361777.8020935683;38111.228923092545;166488.04175076255;2367140.9081413983;2728918.7102349666;361777.8020935683;38111.228923092545;166488.04175076255;2367140.9081413983;2728918.7102349666;
12-Oct-2020;362915.31182077166;38122.988418072775;166560.13094518025;2368323.697944147;2731239.0097649186;362915.31182077166;38122.988418072775;166560.13094518025;2368323.697944147;2731239.0097649186;
12-Oct-2020;364068.4259203322;38134.908911384904;166633.2090600491;2369522.4641246866;2733590.890045019;364068.4259203322;38134.908911384904;166633.2090600491;2369522.4641246866;2733590.890045019;
12-Oct-2020;365237.35559235327;38146.992621366335;166707.2894800857;2370737.419422064;2735974.7750144172;365237.35559235327;38146.992621366335;166707.2894800857;2370737.419422064;2735974.7750144172;
12-Oct-2020;366422.31486039254;38159.241795082926;166782.3857689418;2371968.779311843;2738391.0941722356;366422.31486039254;38159.241795082926;166782.3857689418;2371968.779311843;2738391.0941722356;
12-Oct-2020;367623.52060827607;38171.65870874324;166858.51167153756;2373216.7620391487;2740840.282647425;367623.52060827607;38171.65870874324;166858.51167153756;2373216.7620391487;2740840.282647425;
13-Oct-2020;368841.1926173537;38184.24566811688;166935.68111642238;2374481.588652041;2743322.7812693943;368841.1926173537;38184.24566811688;166935.68111642238;2374481.588652041;2743322.7812693943;
13-Oct-2020;370075.55360420025;38197.00500895699;167013.90821816432;2375763.4830352366;2745839.036639437;370075.55360420025;38197.00500895699;167013.90821816432;2375763.4830352366;2745839.036639437;
13-Oct-2020;371326.829258769;38209.939097427065;167093.20727976804;2377062.671944171;2748389.50120294;371326.829258769;38209.939097427065;167093.20727976804;2377062.671944171;2748389.50120294;
13-Oct-2020;372595.24828300223;38223.05033053195;167173.59279512172;2378379.385039399;2750974.633322401;372595.24828300223;38223.05033053195;167173.59279512172;2378379.385039399;2750974.633322401;
13-Oct-2020;373881.0424299047;38236.3411365534;167255.07945147328;2379713.854921349;2753594.897351254;373881.0424299047;38236.3411365534;167255.07945147328;2379713.854921349;2753594.897351254;
13-Oct-2020;375184.44654308516;38249.81397549;167337.68213193642;2381066.31716542;2756250.7637085053;375184.44654308516;38249.81397549;167337.68213193642;2381066.31716542;2756250.7637085053;
14-Oct-2020;376505.6985967719;38263.471339501695;167421.41591802647;2382437.0103574223;2758942.708954194;376505.6985967719;38263.471339501695;167421.41591802647;2382437.0103574223;2758942.708954194;
14-Oct-2020;377845.0397363075;38277.31575335898;167506.2960922268;2383826.1761293747;2761671.2158656823;377845.0397363075;38277.31575335898;167506.2960922268;2383826.1761293747;2761671.2158656823;
14-Oct-2020;379202.7143191279;38291.349774896706;167592.33814058584;2385234.0591956503;2764436.7735147784;379202.7143191279;38291.349774896706;167592.33814058584;2385234.0591956503;2764436.7735147784;
14-Oct-2020;380578.9699562322;38305.575995472806;167679.55775534516;2386660.9073894694;2767239.8773457017;380578.9699562322;38305.575995472806;167679.55775534516;2386660.9073894694;2767239.8773457017;
14-Oct-2020;381974.0575541477;38319.9970404318;167767.97083759904;2388106.9716997533;2770081.029253901;381974.0575541477;38319.9970404318;167767.97083759904;2388106.9716997533;2770081.029253901;
14-Oct-2020;383388.2313573966;38334.615569573274;167857.59349998581;2389572.5063083237;2772960.7376657203;383388.2313573966;38334.615569573274;167857.59349998581;2389572.5063083237;2772960.7376657203;
15-Oct-2020;384821.748991469;38349.43427762539;167948.44206941116;2391057.768627463;2775879.517618932;384821.748991469;38349.43427762539;167948.44206941116;2391057.768627463;2775879.517618932;
15-Oct-2020;386274.87150630826;38364.45589472351;168040.53308980403;2392563.0193378297;2778837.890844138;386274.87150630826;38364.45589472351;168040.53308980403;2392563.0193378297;2778837.890844138;
15-Oct-2020;387747.8634203144;38379.683186893984;168133.88332490536;2394088.5224267268;2781836.385847041;387747.8634203144;38379.683186893984;168133.88332490536;2394088.5224267268;2781836.385847041;
15-Oct-2020;389240.99276487005;38395.1189565432;168228.50976108984;2395634.545226732;2784875.5379916015;389240.99276487005;38395.1189565432;168228.50976108984;2395634.545226732;2784875.5379916015;
15-Oct-2020;390754.53112939623;38410.76604295198;168324.42961022133;2397201.3584546833;2787955.8895840794;390754.53112939623;38410.76604295198;168324.42961022133;2397201.3584546833;2787955.8895840794;
15-Oct-2020;392288.7537069417;38426.62732277543;168421.66031254208;2398789.2362510245;2791077.9899579664;392288.7537069417;38426.62732277543;168421.66031254208;2398789.2362510245;2791077.9899579664;
16-Oct-2020;393843.93934031244;38442.705710548194;168520.21953959615;2400398.4562195092;2794242.3955598217;393843.93934031244;38442.705710548194;168520.21953959615;2400398.4562195092;2794242.3955598217;
16-Oct-2020;395420.37056874705;38459.0041591954;168620.12519718744;2402029.2994672647;2797449.670036012;395420.37056874705;38459.0041591954;168620.12519718744;2402029.2994672647;2797449.670036012;
16-Oct-2020;397018.33367514267;38475.52566054917;168721.3954283726;2403682.0506452145;2800700.3843203573;397018.33367514267;38475.52566054917;168721.3954283726;2403682.0506452145;2800700.3843203573;
16-Oct-2020;398638.11873383785;38492.27324587091;168824.04861648928;2405356.997988863;2803995.1167227007;398638.11873383785;38492.27324587091;168824.04861648928;2405356.997988863;2803995.1167227007;
16-Oct-2020;400280.01965895767;38509.24998637939;168928.10338821993;2407054.4333594367;2807334.4530183943;400280.01965895767;38509.24998637939;168928.10338821993;2407054.4333594367;2807334.4530183943;
16-Oct-2020;401944.3342533268;38526.45899378477;169033.57861669172;2408774.652285389;2810718.986538716;401944.3342533268;38526.45899378477;169033.57861669172;2408774.652285389;2810718.986538716;
17-Oct-2020;403631.3642579558;38543.90342082849;169140.49342461268;2410517.954004264;2814149.31826222;403631.3642579558;38543.90342082849;169140.49342461268;2410517.954004264;2814149.31826222;
17-Oct-2020;405341.41540210665;38561.586461829305;169248.86718744456;2412284.6415049154;2817626.056907022;405341.41540210665;38561.586461829305;169248.86718744456;2412284.6415049154;2817626.056907022;
17-Oct-2020;407074.79745394294;38579.51135323544;169358.71953661274;2414075.021570089;2821149.8190240315;407074.79745394294;38579.51135323544;169358.71953661274;2414075.021570089;2821149.8190240315;
17-Oct-2020;408831.8242717706;38597.681374182896;169470.0703627537;2415889.404819362;2824721.2290911325;408831.8242717706;38597.681374182896;169470.0703627537;2415889.404819362;2824721.2290911325;
17-Oct-2020;410612.8138558741;38616.09984706012;169582.939819;2417728.105752442;2828340.919608316;410612.8138558741;38616.09984706012;169582.939819;2417728.105752442;2828340.919608316;
17-Oct-2020;412418.0884009548;38634.77013807896;169697.34832430357;2419591.4427928156;2832009.5311937705;412418.0884009548;38634.77013807896;169697.34832430357;2419591.4427928156;2832009.5311937705;
18-Oct-2020;414247.97434917605;38653.69565785214;169813.3165667975;2421479.7383317635;2835727.7126809396;414247.97434917605;38653.69565785214;169813.3165667975;2421479.7383317635;2835727.7126809396;
18-Oct-2020;416102.80244382145;38672.87986197726;169930.86550719646;2423393.31877272;2839496.1212165416;416102.80244382145;38672.87986197726;169930.86550719646;2423393.31877272;2839496.1212165416;
18-Oct-2020;417982.9077835714;38692.3262516273;170050.01638223662;2425332.514575993;2843315.4223595643;417982.9077835714;38692.3262516273;170050.01638223662;2425332.514575993;2843315.4223595643;
18-Oct-2020;419888.62987740396;38712.03837414799;170170.79070815482;2427297.66030383;2847186.290181234;419888.62987740396;38712.03837414799;170170.79070815482;2427297.66030383;2847186.290181234;
18-Oct-2020;421820.31270012516;38732.01982366175;170293.21028420786;2429289.094665839;2851109.407365964;421820.31270012516;38732.01982366175;170293.21028420786;2429289.094665839;2851109.407365964;
18-Oct-2020;423778.30474853504;38752.27424167865;170417.29719623202;2431307.160564753;2855085.4653132884;423778.30474853504;38752.27424167865;170417.29719623202;2431307.160564753;2855085.4653132884;
19-Oct-2020;425762.95909823437;38772.80531771418;170543.07382024307;2433352.2051425497;2859115.164240784;425762.95909823437;38772.80531771418;170543.07382024307;2433352.2051425497;2859115.164240784;
19-Oct-2020;427774.63346107805;38793.616789914064;170670.56282607745;2435424.5798268984;2863199.2132879766;427774.63346107805;38793.616789914064;170670.56282607745;2435424.5798268984;2863199.2132879766;
19-Oct-2020;429813.6902432809;38814.71244568619;170799.78718107467;2437524.6403779667;2867338.3306212476;429813.6902432809;38814.71244568619;170799.78718107467;2437524.6403779667;2867338.3306212476;
19-Oct-2020;431880.4966041809;38836.09612233967;170930.77015380136;2439652.746935553;2871533.243539734;431880.4966041809;38836.09612233967;170930.77015380136;2439652.746935553;2871533.243539734;
19-Oct-2020;433975.424515666;38857.77170773115;171063.5353178175;2441809.264066563;2875784.688582229;433975.424515666;38857.77170773115;171063.5353178175;2441809.264066563;2875784.688582229;
19-Oct-2020;436098.8508222698;38879.74314091848;171198.10655548485;2443994.560812814;2880093.411635084;436098.8508222698;38879.74314091848;171198.10655548485;2443994.560812814;2880093.411635084;
20-Oct-2020;438251.1573019419;38902.014412821736;171334.50806181834;2446209.0107391737;2884460.1680411156;438251.1573019419;38902.014412821736;171334.50806181834;2446209.0107391737;2884460.1680411156;
20-Oct-2020;440432.7307274978;38924.5895668918;171472.7643483804;2448452.991982017;2888885.722709515;440432.7307274978;38924.5895668918;171472.7643483804;2448452.991982017;2888885.722709515;
20-Oct-2020;442643.96292875457;38947.47269978648;171612.9002472188;2450726.8872980177;2893370.8502267725;442643.96292875457;38947.47269978648;171612.9002472188;2450726.8872980177;2893370.8502267725;
20-Oct-2020;444885.2508553577;38970.66796205421;171754.94091484818;2453031.084113247;2897916.334968605;444885.2508553577;38970.66796205421;171754.94091484818;2453031.084113247;2897916.334968605;
20-Oct-2020;447156.9966403038;38994.17955882563;171898.91183627598;2455365.974572592;2902522.9712128956;447156.9966403038;38994.17955882563;171898.91183627598;2455365.974572592;2902522.9712128956;
20-Oct-2020;449459.60766416596;39018.011750512815;172044.83882907243;2457731.9555894835;2907191.5632536495;449459.60766416596;39018.011750512815;172044.83882907243;2457731.9555894835;2907191.5632536495;
21-Oct-2020;451793.4966200254;39042.16885351651;172192.7480474858;2460129.428895927;2911922.9255159525;451793.4966200254;39042.16885351651;172192.7480474858;2460129.428895927;2911922.9255159525;
21-Oct-2020;454159.0815791167;39066.65524094127;172342.66598660246;2462558.8010928375;2916717.882671954;454159.0815791167;39066.65524094127;172342.66598660246;2462558.8010928375;2916717.882671954;
21-Oct-2020;456556.78605719004;39091.475343318685;172494.6194865527;2465020.483700663;2921577.269757853;456556.78605719004;39091.475343318685;172494.6194865527;2465020.483700663;2921577.269757853;
21-Oct-2020;458987.03908159747;39116.63364933872;172648.63573676217;2467514.893210302;2926501.9322919;458987.03908159747;39116.63364933872;172648.63573676217;2467514.893210302;2926501.9322919;
21-Oct-2020;461450.2752591071;39142.13470658925;172804.74228024972;2470042.451134303;2931492.7263934105;461450.2752591071;39142.13470658925;172804.74228024972;2470042.451134303;2931492.7263934105;
21-Oct-2020;463946.9348444511;39167.983122303915;172962.96701797142;2472603.584058339;2936550.51890279;463946.9348444511;39167.983122303915;172962.96701797142;2472603.584058339;2936550.51890279;
22-Oct-2020;466477.46380961244;39194.18356411834;173123.33821321174;2475198.72369295;2941676.1875025625;466477.46380961244;39194.18356411834;173123.33821321174;2475198.72369295;2941676.1875025625;
22-Oct-2020;469042.31391385576;39220.74076083477;173285.88449602167;2477828.3069255617;2946870.6208394174;469042.31391385576;39220.74076083477;173285.88449602167;2477828.3069255617;2946870.6208394174;
22-Oct-2020;471641.94277450675;39247.65950319526;173450.63486770424;2480492.775872742;2952134.7186472486;471641.94277450675;39247.65950319526;173450.63486770424;2480492.775872742;2952134.7186472486;
22-Oct-2020;474276.81393848563;39274.94464466348;173617.61870534808;2483192.5779327177;2957469.391871203;474276.81393848563;39274.94464466348;173617.61870534808;2483192.5779327177;2957469.391871203;
22-Oct-2020;476947.39695459954;39302.601102215194;173786.86576640885;2485928.1658381326;2962875.5627927324;476947.39695459954;39302.601102215194;173786.86576640885;2485928.1658381326;2962875.5627927324;
22-Oct-2020;479654.16744659835;39330.63385713747;173958.4061933391;2488699.9977090317;2968354.16515563;479654.16744659835;39330.63385713747;173958.4061933391;2488699.9977090317;2968354.16515563;
23-Oct-2020;482397.6071869991;39359.0479558368;174132.27051826683;2491508.5371060716;2973906.144293071;482397.6071869991;39359.0479558368;174132.27051826683;2491508.5371060716;2973906.144293071;
23-Oct-2020;485178.20417168335;39387.848510656084;174308.48966772322;2494354.2530839494;2979532.4572556326;485178.20417168335;39387.848510656084;174308.48966772322;2494354.2530839494;2979532.4572556326;
23-Oct-2020;487996.4526952725;39417.04070070063;174487.0949674193;2497237.6202450306;2985234.072940303;487996.4526952725;39417.04070070063;174487.0949674193;2497237.6202450306;2985234.072940303;
23-Oct-2020;490852.85342728515;39446.62977267323;174668.1181470726;2500159.118793176;2991011.9722204613;490852.85342728515;39446.62977267323;174668.1181470726;2500159.118793176;2991011.9722204613;
23-Oct-2020;493747.9134890814;39476.6210417184;174851.59134528323;2503119.2345877565;2996867.148076838;493747.9134890814;39476.6210417184;174851.59134528323;2503119.2345877565;2996867.148076838;
23-Oct-2020;496682.1465315978;39507.019892275806;175037.54711446053;2506118.459197833;3002800.605729431;496682.1465315978;39507.019892275806;175037.54711446053;2506118.459197833;3002800.605729431;
24-Oct-2020;499656.0728138784;39537.83177894306;175226.0184257998;2509157.2899565105;3008813.362770389;499656.0728138784;39537.83177894306;175226.0184257998;2509157.2899565105;3008813.362770389;
24-Oct-2020;502670.2192824044;39569.06222734783;175417.03867430982;2512236.230015435;3014906.4492978393;502670.2192824044;39569.06222734783;175417.03867430982;2512236.230015435;3014906.4492978393;
24-Oct-2020;505725.1196512278;39600.71683502944;175610.6416838913;2515355.7883994374;3021080.9080506647;505725.1196512278;39600.71683502944;175610.6416838913;2515355.7883994374;3021080.9080506647;
24-Oct-2020;508821.31448291254;39632.80127232999;175806.86171246646;2518516.480061294;3027337.7945442065;508821.31448291254;39632.80127232999;175806.86171246646;2518516.480061294;3027337.7945442065;
24-Oct-2020;511959.35127028666;39665.321283295096;176005.73345716007;2521718.825936614;3033678.177206901;511959.35127028666;39665.321283295096;176005.73345716007;2521718.825936614;3033678.177206901;
24-Oct-2020;515139.7845190095;39698.28268658426;176207.29205953208;2524963.352998817;3040103.1375178266;515139.7845190095;39698.28268658426;176207.29205953208;2524963.352998817;3040103.1375178266;
25-Oct-2020;518363.17583095765;39731.691376391034;176411.57311086217;2528250.594314201;3046613.7701451583;518363.17583095765;39731.691376391034;176411.57311086217;2528250.594314201;3046613.7701451583;
25-Oct-2020;521630.0939945251;39765.55332337375;176618.61265787255;2531581.1260002535;3053211.2199947787;521630.0939945251;39765.55332337375;176618.61265787255;2531581.1260002535;3053211.2199947787;
25-Oct-2020;524941.1150998801;39799.87457560477;176828.44721003223;2534955.5324559202;3059896.6475558006;524941.1150998801;39799.87457560477;176828.44721003223;2534955.5324559202;3059896.6475558006;
25-Oct-2020;528296.8226544072;39834.66125954516;177041.11374687316;2538374.368528109;3066671.1911825165;528296.8226544072;39834.66125954516;177041.11374687316;2538374.368528109;3066671.1911825165;
25-Oct-2020;531697.8076742197;39869.91958103672;177256.64972378974;2541838.1954505057;3073536.0031247255;531697.8076742197;39869.91958103672;177256.64972378974;2541838.1954505057;3073536.0031247255;
25-Oct-2020;535144.6687705017;39905.65582630319;177475.0930775108;2545347.580900866;3080492.249671368;535144.6687705017;39905.65582630319;177475.0930775108;2545347.580900866;3080492.249671368;
26-Oct-2020;538638.0122368339;39941.87636296009;177696.48223163374;2548903.0990582835;3087541.1112951175;538638.0122368339;39941.87636296009;177696.48223163374;2548903.0990582835;3087541.1112951175;
26-Oct-2020;542178.4521440915;39978.5876410341;177920.8561026387;2552505.3705984135;3094683.822742505;542178.4521440915;39978.5876410341;177920.8561026387;2552505.3705984135;3094683.822742505;
26-Oct-2020;545766.6104624327;40015.79619400088;178148.25410761955;2556155.0250653415;3101921.635527774;545766.6104624327;40015.79619400088;178148.25410761955;2556155.0250653415;3101921.635527774;
26-Oct-2020;549403.1171835643;40053.50863984866;178378.71617203232;2559852.6599224224;3109255.7771059866;549403.1171835643;40053.50863984866;178378.71617203232;2559852.6599224224;3109255.7771059866;
26-Oct-2020;553088.6104171784;40091.731682159116;178612.28273580692;2563598.879442095;3116687.489859273;553088.6104171784;40091.731682159116;178612.28273580692;2563598.879442095;3116687.489859273;
26-Oct-2020;556823.7364818524;40130.47211119674;178848.9947591079;2567394.2947650277;3124218.03124688;556823.7364818524;40130.47211119674;178848.9947591079;2567394.2947650277;3124218.03124688;
27-Oct-2020;560609.1499970681;40169.73680500606;179088.8937281661;2571239.5239591505;3131848.6739562186;560609.1499970681;40169.73680500606;179088.8937281661;2571239.5239591505;3131848.6739562186;
27-Oct-2020;564445.5139834735;40209.53273051802;179332.0216616326;2575135.23531159;3139580.749295064;564445.5139834735;40209.53273051802;179332.0216616326;2575135.23531159;3139580.749295064;
27-Oct-2020;568333.4999925122;40249.8669446749;179578.4211187941;2579082.106596008;3147415.60658852;568333.4999925122;40249.8669446749;179578.4211187941;2579082.106596008;3147415.60658852;
27-Oct-2020;572273.7882363893;40290.74659558206;179828.13520780936;2583080.7807400078;3155354.568976397;572273.7882363893;40290.74659558206;179828.13520780936;2583080.7807400078;3155354.568976397;
27-Oct-2020;576267.0676901096;40332.1789236772;180081.20759217584;2587131.9079185296;3163398.9756086394;576267.0676901096;40332.1789236772;180081.20759217584;2587131.9079185296;3163398.9756086394;
27-Oct-2020;580314.036187547;40374.17126290771;180337.68249681802;2591236.1456143265;3171550.1818018737;580314.036187547;40374.17126290771;180337.68249681802;2591236.1456143265;3171550.1818018737;
28-Oct-2020;584415.4005187431;40416.7310419155;180597.6047142537;2595394.1586782094;3179809.5591969527;584415.4005187431;40416.7310419155;180597.6047142537;2595394.1586782094;3179809.5591969527;
28-Oct-2020;588571.8765361459;40459.86578523071;180861.0196113269;2599606.66619942;3188178.542735566;588571.8765361459;40459.86578523071;180861.0196113269;2599606.66619942;3188178.542735566;
28-Oct-2020;592784.1892926568;40503.583114484594;181127.97313795632;2603874.3974013804;3196658.586694037;592784.1892926568;40503.583114484594;181127.97313795632;2603874.3974013804;3196658.586694037;
28-Oct-2020;597053.0731800484;40547.89074965045;181398.51183590776;2608198.0436352217;3205251.11681527;597053.0731800484;40547.89074965045;181398.51183590776;2608198.0436352217;3205251.11681527;
28-Oct-2020;601379.2720371452;40592.79651030261;181672.6828456499;2612578.3039506334;3213957.5759877786;601379.2720371452;40592.79651030261;181672.6828456499;2612578.3039506334;3213957.5759877786;
28-Oct-2020;605763.53925154;40638.308316883384;181950.53391280046;2617015.885157028;3222779.424408568;605763.53925154;40638.308316883384;181950.53391280046;2617015.885157028;3222779.424408568;
29-Oct-2020;610206.6378626319;40684.43419197724;182232.11339465636;2621511.501884316;3231718.139746948;610206.6378626319;40684.43419197724;182232.11339465636;2621511.501884316;3231718.139746948;
29-Oct-2020;614709.340669044;40731.182261593094;182517.47026700113;2626065.895282953;3240775.235951997;614709.340669044;40731.182261593094;182517.47026700113;2626065.895282953;3240775.235951997;
29-Oct-2020;619272.4303495086;40778.56075645904;182806.65413176606;2630679.815498032;3249952.245847541;619272.4303495086;40778.56075645904;182806.65413176606;2630679.815498032;3249952.245847541;
29-Oct-2020;623896.6995846921;40826.578013333296;183099.7152247507;2635354.002588948;3259250.70217364;623896.6995846921;40826.578013333296;183099.7152247507;2635354.002588948;3259250.70217364;
29-Oct-2020;628582.9511677526;40875.24247632759;183396.70442262947;2640089.2047108193;3268672.155878572;628582.9511677526;40875.24247632759;183396.70442262947;2640089.2047108193;3268672.155878572;
29-Oct-2020;633331.998113087;40924.562698239126;183697.67324984347;2644886.178173828;3278218.176286915;633331.998113087;40924.562698239126;183697.67324984347;2644886.178173828;3278218.176286915;
30-Oct-2020;638144.6637663542;40974.54734189101;184002.67388557314;2649745.6875019735;3287890.351268328;638144.6637663542;40974.54734189101;184002.67388557314;2649745.6875019735;3287890.351268328;
30-Oct-2020;643021.7819190859;41025.205181482044;184311.7591710016;2654668.5256767147;3297690.3075958006;643021.7819190859;41025.205181482044;184311.7591710016;2654668.5256767147;3297690.3075958006;
30-Oct-2020;647964.196937732;41076.545103950346;184624.98261749296;2659655.4951492576;3307619.6920869895;647964.196937732;41076.545103950346;184624.98261749296;2659655.4951492576;3307619.6920869895;
30-Oct-2020;652972.7638935721;41128.57611035486;184942.39841482532;2664707.3871706724;3317680.1510642446;652972.7638935721;41128.57611035486;184942.39841482532;2664707.3871706724;3317680.1510642446;
30-Oct-2020;658048.3486802788;41181.307317270635;185264.06143864134;2669825.0014738347;3327873.3501541135;658048.3486802788;41181.307317270635;185264.06143864134;2669825.0014738347;3327873.3501541135;
30-Oct-2020;663191.8281293735;41234.74795819352;185590.02725776518;2675009.1463297885;3338200.974459162;663191.8281293735;41234.74795819352;185590.02725776518;2675009.1463297885;3338200.974459162;
31-Oct-2020;668404.0901269206;41288.907384954175;185920.35214159795;2680260.6386033013;3348664.7287302217;668404.0901269206;41288.907384954175;185920.35214159795;2680260.6386033013;3348664.7287302217;
31-Oct-2020;673686.0337350444;41343.7950691422;186255.09306781882;2685580.3256664234;3359266.3594014677;673686.0337350444;41343.7950691422;186255.09306781882;2685580.3256664234;3359266.3594014677;
31-Oct-2020;679038.569328936;41399.42060354524;186594.30773106773;2690969.064826923;3370007.634155859;679038.569328936;41399.42060354524;186594.30773106773;2690969.064826923;3370007.634155859;
31-Oct-2020;684462.6187346529;41455.79370360731;186938.0545516784;2696427.7009367086;3380890.3196713612;684462.6187346529;41455.79370360731;186938.0545516784;2696427.7009367086;3380890.3196713612;
31-Oct-2020;689959.1153534057;41512.924208901924;187286.39268355494;2701957.087697138;3391916.2030505436;689959.1153534057;41512.924208901924;187286.39268355494;2701957.087697138;3391916.2030505436;
31-Oct-2020;695529.0042834204;41570.82208461508;187639.38202189488;2707558.087710993;3403087.091994413;695529.0042834204;41570.82208461508;187639.38202189488;2707558.087710993;3403087.091994413;
01-Nov-2020;701173.2424429978;41629.49742303816;187997.08321098788;2713231.5725333705;3414404.814976368;701173.2424429978;41629.49742303816;187997.08321098788;2713231.5725333705;3414404.814976368;
01-Nov-2020;706892.7986880268;41688.96044507004;188359.55765166323;2718978.3820183827;3425871.180706409;706892.7986880268;41688.96044507004;188359.55765166323;2718978.3820183827;3425871.180706409;
01-Nov-2020;712688.6539040334;41749.221501719905;188726.86750712327;2724799.3627796583;3437488.0166836916;712688.6539040334;41749.221501719905;188726.86750712327;2724799.3627796583;3437488.0166836916;
01-Nov-2020;718561.8011000656;41810.29107560358;189099.07570889348;2730695.4100288698;3449257.211128935;718561.8011000656;41810.29107560358;189099.07570889348;2730695.4100288698;3449257.211128935;
01-Nov-2020;724513.2455309955;41872.179782442385;189476.2459645731;2736667.4280434228;3461180.6735744183;724513.2455309955;41872.179782442385;189476.2459645731;2736667.4280434228;3461180.6735744183;
01-Nov-2020;730544.0048275262;41934.898372573945;189858.44276607453;2742716.3302090545;3473260.3350365805;730544.0048275262;41934.898372573945;189858.44276607453;2742716.3302090545;3473260.3350365805;
02-Nov-2020;736655.109127097;41998.457732475654;190245.73139791912;2748843.0390610243;3485498.148188121;736655.109127097;41998.457732475654;190245.73139791912;2748843.0390610243;3485498.148188121;
02-Nov-2020;742847.6011983983;42062.868886300006;190638.1779451285;2755048.442266175;3497896.043464573;742847.6011983983;42062.868886300006;190638.1779451285;2755048.442266175;3497896.043464573;
02-Nov-2020;749122.5365379467;42128.14299741233;191035.84929934476;2761333.4342485503;3510455.970786497;749122.5365379467;42128.14299741233;191035.84929934476;2761333.4342485503;3510455.970786497;
02-Nov-2020;755480.9834682863;42194.291369922816;191438.81316505407;2767698.961457476;3523179.9449257622;755480.9834682863;42194.291369922816;191438.81316505407;2767698.961457476;3523179.9449257622;
02-Nov-2020;761924.0232665946;42261.325450222466;191847.13806773696;2774145.9795577168;3536070.0028243116;761924.0232665946;42261.325450222466;191847.13806773696;2774145.9795577168;3536070.0028243116;
02-Nov-2020;768452.7503012766;42329.25682853289;192260.89336252492;2780675.453460475;3549128.2037617513;768452.7503012766;42329.25682853289;192260.89336252492;2780675.453460475;3549128.2037617513;
03-Nov-2020;775068.2721691865;42398.09724047061;192680.1492428968;2787288.3573525813;3562356.629521768;775068.2721691865;42398.09724047061;192680.1492428968;2787288.3573525813;3562356.629521768;
03-Nov-2020;781770.7497324344;42467.85845055854;193104.91590342027;2789138.611738624;3570909.3614710583;781770.7497324344;42467.85845055854;193104.91590342027;2789138.611738624;3570909.3614710583;
03-Nov-2020;788557.5371049907;42538.55123886181;193535.02566219532;2789964.3682798017;3578521.905384792;788557.5371049907;42538.55123886181;193535.02566219532;2789964.3682798017;3578521.905384792;
03-Nov-2020;795424.24970193;42610.18423570872;193970.20064802;2790752.6702144956;3586176.919916426;795424.24970193;42610.18423570872;193970.20064802;2790752.6702144956;3586176.919916426;
03-Nov-2020;802366.7314236956;42682.76374913833;194410.17746985523;2791505.5640094476;3593872.295433143;802366.7314236956;42682.76374913833;194410.17746985523;2791505.5640094476;3593872.295433143;
03-Nov-2020;809381.04775103;42756.29395086453;194854.70677921906;2792224.955640992;3601606.003392022;809381.04775103;42756.29395086453;194854.70677921906;2792224.955640992;3601606.003392022;
04-Nov-2020;816463.4739495115;42830.77704918916;195303.55252265418;2792912.6486226805;3609376.122572192;816463.4739495115;42830.77704918916;195303.55252265418;2792912.6486226805;3609376.122572192;
04-Nov-2020;823610.4838960542;42906.21345076888;195756.491233612;2793570.3203551443;3617180.8042511987;823610.4838960542;42906.21345076888;195756.491233612;2793570.3203551443;3617180.8042511987;
04-Nov-2020;830818.7394800803;42982.60191188629;196213.31136075658;2794199.5550887575;3625018.2945688376;830818.7394800803;42982.60191188629;196213.31136075658;2794199.5550887575;3625018.2945688376;
04-Nov-2020;838085.0805675273;43059.939679839335;196673.81263193785;2794801.878594952;3632886.9591624793;838085.0805675273;43059.939679839335;196673.81263193785;2794801.878594952;3632886.9591624793;
04-Nov-2020;845376.6857086658;43138.22262504366;197137.80545543527;2795408.8090999713;3640785.4948086375;845376.6857086658;43138.22262504366;197137.80545543527;2795408.8090999713;3640785.4948086375;
04-Nov-2020;852655.9536746943;43217.44536447201;197605.1103693986;2796057.178080398;3648713.1317550926;852655.9536746943;43217.44536447201;197605.1103693986;2796057.178080398;3648713.1317550926;
05-Nov-2020;859914.8245142724;43297.6013770897;198075.55753860757;2796754.2719312203;3656669.0964454925;859914.8245142724;43297.6013770897;198075.55753860757;2796754.2719312203;3656669.0964454925;
05-Nov-2020;867173.7322978679;43378.6831118333;198548.98627824188;2797478.7132539386;3664652.445551807;867173.7322978679;43378.6831118333;198548.98627824188;2797478.7132539386;3664652.445551807;
05-Nov-2020;874453.5900156447;43460.682088502996;199025.2445872958;2798208.4316926706;3672662.0217083152;874453.5900156447;43460.682088502996;199025.2445872958;2798208.4316926706;3672662.0217083152;
05-Nov-2020;881751.9401188571;43543.58899187659;199504.1886948999;2798944.912785709;3680696.852904566;881751.9401188571;43543.58899187659;199504.1886948999;2798944.912785709;3680696.852904566;
05-Nov-2020;889066.4639025808;43627.39375941438;199985.6826319553;2799689.569136538;3688756.0330391186;889066.4639025808;43627.39375941438;199985.6826319553;2799689.569136538;3688756.0330391186;
05-Nov-2020;896394.9739150282;43712.08566295763;200469.59782700424;2800443.744616764;3696838.718531792;896394.9739150282;43712.08566295763;200469.59782700424;2800443.744616764;3696838.718531792;
06-Nov-2020;903735.4067874675;43797.65338478822;200955.8127236539;2801208.718330088;3704944.1251175557;903735.4067874675;43797.65338478822;200955.8127236539;2801208.718330088;3704944.1251175557;
06-Nov-2020;911086.3063744063;43884.08508839193;201444.21241832603;2801985.2109429534;3713071.51731736;911086.3063744063;43884.08508839193;201444.21241832603;2801985.2109429534;3713071.51731736;
06-Nov-2020;918446.3314850619;43971.36848424679;201934.68831692258;2802773.8748339587;3721220.2063190206;918446.3314850619;43971.36848424679;201934.68831692258;2802773.8748339587;3721220.2063190206;
06-Nov-2020;925813.7596151966;44059.490890938076;202427.1378095081;2803575.798317203;3729389.5579323997;925813.7596151966;44059.490890938076;202427.1378095081;2803575.798317203;3729389.5579323997;
06-Nov-2020;933186.9668152541;44148.4392918867;202921.46396241046;2804392.019015778;3737578.985831032;933186.9668152541;44148.4392918867;202921.46396241046;2804392.019015778;3737578.985831032;
06-Nov-2020;940564.4223318557;44238.20038796251;203417.5752267647;2805223.52678856;3745787.949120416;940564.4223318557;44238.20038796251;203417.5752267647;2805223.52678856;3745787.949120416;
07-Nov-2020;947944.6835450883;44328.76064623744;203915.38516257363;2806071.2664918415;3754015.95003693;947944.6835450883;44328.76064623744;203915.38516257363;2806071.2664918415;3754015.95003693;
07-Nov-2020;955324.1699331469;44420.106345119624;204414.81217791862;2806938.407817559;3762262.5777507056;955324.1699331469;44420.106345119624;204414.81217791862;2806938.407817559;3762262.5777507056;
07-Nov-2020;962699.3665061455;44512.22361610564;204915.77928437025;2807828.1265246985;3770527.493030844;962699.3665061455;44512.22361610564;204915.77928437025;2807828.1265246985;3770527.493030844;
07-Nov-2020;970069.0417913231;44605.098482378744;205418.2138667789;2808741.3230340704;3778810.3648253935;970069.0417913231;44605.098482378744;205418.2138667789;2808741.3230340704;3778810.3648253935;
07-Nov-2020;977432.0367942137;44698.71689445263;205922.0474645091;2809678.861535481;3787110.8983296948;977432.0367942137;44698.71689445263;205922.0474645091;2809678.861535481;3787110.8983296948;
07-Nov-2020;984787.2610812316;44793.0647630423;206427.2155640177;2810641.572157242;3795428.8332384736;984787.2610812316;44793.0647630423;206427.2155640177;2810641.572157242;3795428.8332384736;
08-Nov-2020;992133.6890787672;44888.12798933779;206933.65740249766;2811630.253013342;3803763.9420921095;992133.6890787672;44888.12798933779;206933.65740249766;2811630.253013342;3803763.9420921095;
08-Nov-2020;999463.580094704;44983.892492850304;207441.31578388455;2812652.635192138;3812116.215286842;999463.580094704;44983.892492850304;207441.31578388455;2812652.635192138;3812116.215286842;
08-Nov-2020;1006769.2213696331;45080.344237030615;207950.13691378242;2813716.560210253;3820485.781579886;1006769.2213696331;45080.344237030615;207950.13691378242;2813716.560210253;3820485.781579886;
08-Nov-2020;1014049.7036328441;45177.4692528618;208460.07024770766;2814822.9657192915;3828872.6693521356;1014049.7036328441;45177.4692528618;208460.07024770766;2814822.9657192915;3828872.6693521356;
08-Nov-2020;1021304.1738876769;45275.25366055319;208971.06834337578;2815972.764859156;3837276.9387468332;1021304.1738876769;45275.25366055319;208971.06834337578;2815972.764859156;3837276.9387468332;
08-Nov-2020;1028531.8324187554;45373.68368943362;209483.08671960206;2817166.8479918293;3845698.6804105844;1028531.8324187554;45373.68368943362;209483.08671960206;2817166.8479918293;3845698.6804105844;
09-Nov-2020;1035731.9299641089;45472.74569615953;209996.08372289533;2818406.0843386524;3854138.0143027613;1035731.9299641089;45472.74569615953;209996.08372289533;2818406.0843386524;3854138.0143027613;
09-Nov-2020;1042906.0984827772;45572.42618134787;210510.02040045735;2819688.904751553;3862595.0032343306;1042906.0984827772;45572.42618134787;210510.02040045735;2819688.904751553;3862595.0032343306;
09-Nov-2020;1050056.0231449232;45672.71180471918;211024.86037604854;2821013.672453684;3871069.695598607;1050056.0231449232;45672.71180471918;211024.86037604854;2821013.672453684;3871069.695598607;
09-Nov-2020;1057181.105960287;45773.58939882586;211540.56973090413;2822381.123189373;3879562.2291496596;1057181.105960287;45773.58939882586;211540.56973090413;2822381.123189373;3879562.2291496596;
09-Nov-2020;1064280.788483176;45875.045981466006;212057.11689327474;2823791.9765624637;3888072.7650456396;1064280.788483176;45875.045981466006;212057.11689327474;2823791.9765624637;3888072.7650456396;
09-Nov-2020;1071354.5497209865;45977.06876688527;212574.47253461936;2825246.9372298415;3896601.486950828;1071354.5497209865;45977.06876688527;212574.47253461936;2825246.9372298415;3896601.486950828;
10-Nov-2020;1078401.9041560607;46079.64517585125;213092.6094713989;2826746.6960314885;3905148.6001875494;1078401.9041560607;46079.64517585125;213092.6094713989;2826746.6960314885;3905148.6001875494;
10-Nov-2020;1085429.1531899883;46182.762844672456;213611.50256889983;2828284.8587403046;3913714.0119302925;1085429.1531899883;46182.762844672456;213611.50256889983;2828284.8587403046;3913714.0119302925;
10-Nov-2020;1092442.648549526;46286.40963316284;214131.12863541697;2829854.872689608;3922297.521239134;1092442.648549526;46286.40963316284;214131.12863541697;2829854.872689608;3922297.521239134;
10-Nov-2020;1099442.0361616213;46390.573631538806;214651.46631689984;2831457.16270624;3930899.198867861;1099442.0361616213;46390.573631538806;214651.46631689984;2831457.16270624;3930899.198867861;
10-Nov-2020;1106426.988293513;46495.243166350614;215172.49600625894;2833092.14251115;3939519.130804663;1106426.988293513;46495.243166350614;215172.49600625894;2833092.14251115;3939519.130804663;
10-Nov-2020;1113397.202122863;46600.4068055702;215694.19976018296;2834760.2154848864;3948157.41760775;1113397.202122863;46600.4068055702;215694.19976018296;2834760.2154848864;3948157.41760775;
11-Nov-2020;1120352.398385484;46706.053362902676;216216.56122035955;2836461.775392422;3956814.1737779058;1120352.398385484;46706.053362902676;216216.56122035955;2836461.775392422;3956814.1737779058;
11-Nov-2020;1127295.143296383;46812.17190137613;216739.5655371694;2838194.2189045544;3965489.3622009372;1127295.143296383;46812.17190137613;216739.5655371694;2838194.2189045544;3965489.3622009372;
11-Nov-2020;1134228.0307199482;46918.751736226906;217263.1992898993;2839954.8728382615;3974182.90355821;1134228.0307199482;46918.751736226906;217263.1992898993;2839954.8728382615;3974182.90355821;
11-Nov-2020;1141150.8574771967;47025.7824370911;217787.4504089663;2841744.01019462;3982894.867671817;1141150.8574771967;47025.7824370911;217787.4504089663;2841744.01019462;3982894.867671817;
11-Nov-2020;1148063.4385406577;47133.253829572765;218312.30810732412;2843561.8967825742;3991625.335323232;1148063.4385406577;47133.253829572765;218312.30810732412;2843561.8967825742;3991625.335323232;
11-Nov-2020;1154965.6060217354;47241.15599626639;218837.7628169586;2845408.7917386615;4000374.397760397;1154965.6060217354;47241.15599626639;218837.7628169586;2845408.7917386615;4000374.397760397;
12-Nov-2020;1161857.2082132841;47349.479277280545;219363.80612875478;2847284.948018946;4009142.1562322304;1161857.2082132841;47349.479277280545;219363.80612875478;2847284.948018946;4009142.1562322304;
12-Nov-2020;1168740.095908078;47458.21427030119;219890.43073412788;2849188.4871277087;4017928.5830357866;1168740.095908078;47458.21427030119;219890.43073412788;2849188.4871277087;4017928.5830357866;
12-Nov-2020;1175616.138517675;47567.35183020216;220417.63036352914;2851117.481738489;4026733.620256164;1175616.138517675;47567.35183020216;220417.63036352914;2851117.481738489;4026733.620256164;
12-Nov-2020;1182485.2358538606;47676.88306820674;220945.39972665432;2853072.101462618;4035557.3373164786;1182485.2358538606;47676.88306820674;220945.39972665432;2853072.101462618;4035557.3373164786;
12-Nov-2020;1189347.300202605;47786.79935065512;221473.73446031925;2855052.511471195;4044399.8116738005;1189347.300202605;47786.79935065512;221473.73446031925;2855052.511471195;4044399.8116738005;
12-Nov-2020;1196202.2555998098;47897.0922974376;222002.63108037517;2857058.872850534;4053261.128450344;1196202.2555998098;47897.0922974376;222002.63108037517;2857058.872850534;4053261.128450344;
13-Nov-2020;1203050.0371469671;48007.75378012695;222532.0869362036;2859091.3429381903;4062141.380085157;1203050.0371469671;48007.75378012695;222532.0869362036;2859091.3429381903;4062141.380085157;
13-Nov-2020;1209880.9686918359;48118.7758716675;223062.07535868254;2859185.9530161726;4069066.9217080083;1209880.9686918359;48118.7758716675;223062.07535868254;2859185.9530161726;4069066.9217080083;
13-Nov-2020;1216684.4418165952;48230.15043158303;223592.49808480544;2858903.367468346;4075587.8092849413;1216684.4418165952;48230.15043158303;223592.49808480544;2858903.367468346;4075587.8092849413;
13-Nov-2020;1223458.5988328673;48341.86863540839;224123.21382690748;2858648.986837423;4082107.58567029;1223458.5988328673;48341.86863540839;224123.21382690748;2858648.986837423;4082107.58567029;
13-Nov-2020;1230201.7128905554;48453.920914522096;224654.089518084;2858424.0646334672;4088625.777524023;1230201.7128905554;48453.920914522096;224654.089518084;2858424.0646334672;4088625.777524023;
13-Nov-2020;1236912.1824973908;48566.29704243734;225185.00004040988;2858229.7624574485;4095141.9449548395;1236912.1824973908;48566.29704243734;225185.00004040988;2858229.7624574485;4095141.9449548395;
14-Nov-2020;1243588.5245701426;48678.98621471246;225715.82783003466;2858067.1676151482;4101655.6921852906;1243588.5245701426;48678.98621471246;225715.82783003466;2858067.1676151482;4101655.6921852906;
14-Nov-2020;1250230.0420010693;48791.97712334246;226246.46250148484;2857936.5770369917;4108166.619038061;1250230.0420010693;48791.97712334246;226246.46250148484;2857936.5770369917;4108166.619038061;
14-Nov-2020;1256836.1423642843;48905.25802594689;226776.80048864923;2857838.2120286683;4114674.3543929523;1256836.1423642843;48905.25802594689;226776.80048864923;2857838.2120286683;4114674.3543929523;
14-Nov-2020;1263405.6574738056;49018.81681005123;227306.74470324238;2857772.9478780823;4121178.6053518876;1263405.6574738056;49018.81681005123;227306.74470324238;2857772.9478780823;4121178.6053518876;
14-Nov-2020;1269937.5124926812;49132.64105276014;227836.20421185752;2857741.6017822283;4127679.1142749093;1269937.5124926812;49132.64105276014;227836.20421185752;2857741.6017822283;4127679.1142749093;
14-Nov-2020;1276430.720698628;49246.71807610665;228365.09392951656;2857744.9361874512;4134175.6568860793;1276430.720698628;49246.71807610665;228365.09392951656;2857744.9361874512;4134175.6568860793;
15-Nov-2020;1282884.3785274671;49361.03499833754;228893.33432845934;2857783.6619502874;4140668.0404777545;1282884.3785274671;49361.03499833754;228893.33432845934;2857783.6619502874;4140668.0404777545;
15-Nov-2020;1289305.822736628;49475.57878136933;229420.85115569903;2857849.7281468227;4147155.5508834505;1289305.822736628;49475.57878136933;229420.85115569903;2857849.7281468227;4147155.5508834505;
15-Nov-2020;1295702.438088354;49590.33627452454;229947.57514020696;2857934.9352715136;4153637.373359868;1295702.438088354;49590.33627452454;229947.57514020696;2857934.9352715136;4153637.373359868;
15-Nov-2020;1302073.4879288725;49705.29425464521;230473.44170970286;2858039.718685534;4160113.2066144063;1302073.4879288725;49705.29425464521;230473.44170970286;2858039.718685534;4160113.2066144063;
15-Nov-2020;1308418.2949554864;49820.43946288257;230998.39074043778;2858164.4794570385;4166582.774412525;1308418.2949554864;49820.43946288257;230998.39074043778;2858164.4794570385;4166582.774412525;
15-Nov-2020;1314736.237899686;49935.75863847381;231522.36632464148;2858309.586337435;4173045.824237121;1314736.237899686;49935.75863847381;231522.36632464148;2858309.586337435;4173045.824237121;
16-Nov-2020;1321026.7483842946;50051.23854970516;232045.3165496523;2858475.377632773;4179502.1260170676;1321026.7483842946;50051.23854970516;232045.3165496523;2858475.377632773;4179502.1260170676;
16-Nov-2020;1327285.04836018;50166.86602224866;232567.19329309184;2858666.897893416;4185951.9462535963;1327285.04836018;50166.86602224866;232567.19329309184;2858666.897893416;4185951.9462535963;
16-Nov-2020;1333506.4258494633;50282.62796514404;233087.9520488537;2858889.2167028394;4192395.642552303;1333506.4258494633;50282.62796514404;233087.9520488537;2858889.2167028394;4192395.642552303;
16-Nov-2020;1339690.4931955307;50398.51139468021;233607.55176440312;2859142.6583720404;4198833.151567571;1339690.4931955307;50398.51139468021;233607.55176440312;2859142.6583720404;4198833.151567571;
16-Nov-2020;1345836.9072110702;50514.50345623404;234125.95466862354;2859427.520541274;4205264.427752344;1345836.9072110702;50514.50345623404;234125.95466862354;2859427.520541274;4205264.427752344;
16-Nov-2020;1351945.3665989935;50630.591444103346;234643.12610365037;2859744.0757777626;4211689.442376756;1351945.3665989935;50630.591444103346;234643.12610365037;2859744.0757777626;4211689.442376756;
17-Nov-2020;1358015.6095097458;50746.76281945538;235159.03436506848;2860092.573088664;4218108.182598409;1358015.6095097458;50746.76281945538;235159.03436506848;2860092.573088664;4218108.182598409;
17-Nov-2020;1364043.5924698878;50863.005226523645;235673.65055507628;2860477.54019309;4224521.132662978;1364043.5924698878;50863.005226523645;235673.65055507628;2860477.54019309;4224521.132662978;
17-Nov-2020;1370025.327079217;50979.3065072738;236186.94846368182;2860903.530188731;4230928.857267948;1370025.327079217;50979.3065072738;236186.94846368182;2860903.530188731;4230928.857267948;
17-Nov-2020;1375960.697555103;51095.654714744596;236698.90445814753;2861370.7882140544;4237331.485769157;1375960.697555103;51095.654714744596;236698.90445814753;2861370.7882140544;4237331.485769157;
17-Nov-2020;1381849.6206764553;51212.03812507213;237209.4973598573;2861879.5397623107;4243729.160438767;1381849.6206764553;51212.03812507213;237209.4973598573;2861879.5397623107;4243729.160438767;
17-Nov-2020;1387692.0437975505;51328.44524818912;237718.7083225645;2862429.9919491117;4250122.035746663;1387692.0437975505;51328.44524818912;237718.7083225645;2862429.9919491117;4250122.035746663;
18-Nov-2020;1393487.9429666596;51444.86483727938;238226.52071662009;2863022.3347139168;4256510.277680577;1393487.9429666596;51444.86483727938;238226.52071662009;2863022.3347139168;4256510.277680577;
18-Nov-2020;1399249.1956919604;51561.28589704807;238732.9200060275;2863643.63061612;4262892.826308081;1399249.1956919604;51561.28589704807;238732.9200060275;2863643.63061612;4262892.826308081;
18-Nov-2020;1404987.6365879145;51677.6976906171;239237.89357792115;2864280.7924490212;4269268.429036936;1404987.6365879145;51677.6976906171;239237.89357792115;2864280.7924490212;4269268.429036936;
18-Nov-2020;1410703.1796091988;51794.08974486686;239741.4305730634;2864933.7996155396;4275636.979224739;1410703.1796091988;51794.08974486686;239741.4305730634;2864933.7996155396;4275636.979224739;
18-Nov-2020;1416395.7577055816;51910.45185452778;240243.52177006807;2865602.622871099;4281998.38057668;1416395.7577055816;51910.45185452778;240243.52177006807;2865602.622871099;4281998.38057668;
18-Nov-2020;1422065.321627448;52026.77408535709;240744.15948747774;2866287.2249613483;4288352.546588797;1422065.321627448;52026.77408535709;240744.15948747774;2866287.2249613483;4288352.546588797;
19-Nov-2020;1427711.8387958275;52143.0467764938;241243.3374909788;2866987.5612239167;4294699.400019744;1427711.8387958275;52143.0467764938;241243.3374909788;2866987.5612239167;4294699.400019744;
19-Nov-2020;1433319.2347972284;52259.26054209823;241741.05092736986;2867721.7379894117;4301040.97278664;1433319.2347972284;52259.26054209823;241741.05092736986;2867721.7379894117;4301040.97278664;
19-Nov-2020;1438871.5462592673;52375.40627279314;242237.2963522654;2868508.037511544;4307379.583770812;1438871.5462592673;52375.40627279314;242237.2963522654;2868508.037511544;4307379.583770812;
19-Nov-2020;1444368.9789949046;52491.47513738087;242732.07176643863;2869346.619541452;4313715.598536355;1444368.9789949046;52491.47513738087;242732.07176643863;2869346.619541452;4313715.598536355;
19-Nov-2020;1449811.7547397532;52607.45858447521;243225.37657147957;2870237.635215426;4320049.389955179;1449811.7547397532;52607.45858447521;243225.37657147957;2870237.635215426;4320049.389955179;
19-Nov-2020;1455200.1100303915;52723.348343636186;243717.21150714223;2871181.2278009113;4326381.3378313035;1455200.1100303915;52723.348343636186;243717.21150714223;2871181.2278009113;4326381.3378313035;
20-Nov-2020;1460534.2951394601;52839.1364260074;244207.5785916748;2872177.5334074735;4332711.828546934;1460534.2951394601;52839.1364260074;244207.5785916748;2872177.5334074735;4332711.828546934;
20-Nov-2020;1465809.3356291421;52954.815124510445;244696.4810736212;2873232.7477131756;4339042.0833423175;1465809.3356291421;52954.815124510445;244696.4810736212;2873232.7477131756;4339042.0833423175;
20-Nov-2020;1471020.300660551;53070.37701381219;245183.92342134693;2874353.129416729;4345373.43007728;1471020.300660551;53070.37701381219;245183.92342134693;2874353.129416729;4345373.43007728;
20-Nov-2020;1476167.5398715348;53185.81495026122;245669.9113164322;2875538.885539634;4351706.4254111685;1476167.5398715348;53185.81495026122;245669.9113164322;2875538.885539634;4351706.4254111685;
20-Nov-2020;1481251.4135434083;53301.122071659374;246154.45161582218;2876790.219706098;4358041.633249506;1481251.4135434083;53301.122071659374;246154.45161582218;2876790.219706098;4358041.633249506;
20-Nov-2020;1486272.2916754473;53416.2917967157;246637.55230762504;2878107.3327801623;4364379.62445561;1486272.2916754473;53416.2917967157;246637.55230762504;2878107.3327801623;4364379.62445561;
21-Nov-2020;1491230.5531023918;53531.3178241933;247119.22246895975;2879490.4234785857;4370720.976580977;1491230.5531023918;53531.3178241933;247119.22246895975;2879490.4234785857;4370720.976580977;
21-Nov-2020;1496138.643294034;53646.194131751734;247599.47221384037;2880926.4822084196;4377065.125502454;1496138.643294034;53646.194131751734;247599.47221384037;2880926.4822084196;4377065.125502454;
21-Nov-2020;1501008.9435828018;53760.91497425651;248078.3125932532;2882402.344401918;4383411.2879847195;1501008.9435828018;53760.91497425651;248078.3125932532;2882402.344401918;4383411.2879847195;
21-Nov-2020;1505841.711919828;53875.4748813339;248555.75549159644;2883918.0088570947;4389759.720776923;1505841.711919828;53875.4748813339;248555.75549159644;2883918.0088570947;4389759.720776923;
21-Nov-2020;1510637.2123287986;53989.86865439684;249031.81356890968;2885473.472127325;4396110.684456123;1510637.2123287986;53989.86865439684;249031.81356890968;2885473.472127325;4396110.684456123;
21-Nov-2020;1515395.714312845;54104.091363406624;249506.50021682668;2887068.728909066;4402464.443221911;1515395.714312845;54104.091363406624;249506.50021682668;2887068.728909066;4402464.443221911;
22-Nov-2020;1520117.4922943842;54218.13834341755;249979.82951675233;2888703.7724098554;4408821.26470424;1520117.4922943842;54218.13834341755;249979.82951675233;2888703.7724098554;4408821.26470424;
22-Nov-2020;1524800.713252703;54332.00519093261;250451.8162025324;2890380.9353378015;4415181.648590504;1524800.713252703;54332.00519093261;250451.8162025324;2890380.9353378015;4415181.648590504;
22-Nov-2020;1529443.560025564;54445.687760142;250922.4756349756;2892102.578092304;4421546.1381178675;1529443.560025564;54445.687760142;250922.4756349756;2892102.578092304;4421546.1381178675;
22-Nov-2020;1534046.3426024134;54559.18215911268;251391.82377917704;2893868.728271667;4427915.070874081;1534046.3426024134;54559.18215911268;251391.82377917704;2893868.728271667;4427915.070874081;
22-Nov-2020;1538609.373805442;54672.48474590564;251859.8771747248;2895679.413430721;4434288.787236162;1538609.373805442;54672.48474590564;251859.8771747248;2895679.413430721;4434288.787236162;
22-Nov-2020;1543132.9688612176;54785.59212458927;252326.65290520596;2897534.661388032;4440667.63024925;1543132.9688612176;54785.59212458927;252326.65290520596;2897534.661388032;4440667.63024925;
23-Nov-2020;1547617.4449957109;54898.50114115961;252792.168569226;2899434.500519184;4447051.945514895;1547617.4449957109;54898.50114115961;252792.168569226;2899434.500519184;4447051.945514895;
23-Nov-2020;1552060.3711326576;55011.208879389145;253256.442256798;2901382.0874849013;4453442.458617559;1552060.3711326576;55011.208879389145;253256.442256798;2901382.0874849013;4453442.458617559;
23-Nov-2020;1556459.3320777037;55123.71265669944;253719.4925431852;2903380.62046371;4459839.952541413;1556459.3320777037;55123.71265669944;253719.4925431852;2903380.62046371;4459839.952541413;
23-Nov-2020;1560814.6779828924;55236.01002014614;254181.33848502385;2905430.184762319;4466244.862745211;1560814.6779828924;55236.01002014614;254181.33848502385;2905430.184762319;4466244.862745211;
23-Nov-2020;1565126.759358051;55348.09874245453;254641.99960260047;2907530.867817461;4472657.627175513;1565126.759358051;55348.09874245453;254641.99960260047;2907530.867817461;4472657.627175513;
23-Nov-2020;1569395.92675087;55459.97681803388;255101.49585932543;2909682.759459632;4479078.686210502;1569395.92675087;55459.97681803388;255101.49585932543;2909682.759459632;4479078.686210502;
24-Nov-2020;1573622.530443193;55571.64245897161;255559.8476421897;2911885.952167753;4485508.4826109465;1573622.530443193;55571.64245897161;255559.8476421897;2911885.952167753;4485508.4826109465;
24-Nov-2020;1577815.9931731306;55683.09409097591;256017.07572265057;2914129.5028784266;4491945.496051556;1577815.9931731306;55683.09409097591;256017.07572265057;2914129.5028784266;4491945.496051556;
24-Nov-2020;1581985.6923396396;55794.33034884906;256473.20113585875;2916402.318202186;4498388.010541826;1581985.6923396396;55794.33034884906;256473.20113585875;2916402.318202186;4498388.010541826;
24-Nov-2020;1586131.8869023556;55905.35007112097;256928.2450594039;2918704.291729242;4504836.178631597;1586131.8869023556;55905.35007112097;256928.2450594039;2918704.291729242;4504836.178631597;
24-Nov-2020;1590254.834857712;56016.15229425508;257382.22877415904;2921035.3199685924;4511290.154826305;1590254.834857712;56016.15229425508;257382.22877415904;2921035.3199685924;4511290.154826305;
24-Nov-2020;1594354.7930671717;56126.736246869565;257835.17364667103;2923395.3024303154;4517750.095497487;1594354.7930671717;56126.736246869565;257835.17364667103;2923395.3024303154;4517750.095497487;
25-Nov-2020;1598432.0170981758;56237.101344019735;258287.10111266887;2925784.141700988;4524216.158799164;1598432.0170981758;56237.101344019735;258287.10111266887;2925784.141700988;4524216.158799164;
25-Nov-2020;1602484.7453780805;56347.24718155369;258738.03266475975;2928204.0596508826;4530688.805028963;1602484.7453780805;56347.24718155369;258738.03266475975;2928204.0596508826;4530688.805028963;
25-Nov-2020;1606511.223551369;56457.17353061213;259187.98985388645;2930657.313302812;4537168.536854181;1606511.223551369;56457.17353061213;259187.98985388645;2930657.313302812;4537168.536854181;
25-Nov-2020;1610511.7199365941;56566.88033233727;259636.99429237776;2933143.858294844;4543655.578231438;1610511.7199365941;56566.88033233727;259636.99429237776;2933143.858294844;4543655.578231438;
25-Nov-2020;1614486.5008038387;56676.36769273606;260085.06764577917;2935663.6535621486;4550150.154365988;1614486.5008038387;56676.36769273606;260085.06764577917;2935663.6535621486;4550150.154365988;
25-Nov-2020;1618435.8302735675;56785.63587763575;260532.23162233824;2938216.661403851;4556652.491677418;1618435.8302735675;56785.63587763575;260532.23162233824;2938216.661403851;4556652.491677418;
26-Nov-2020;1622359.9702235183;56894.68530772825;260978.5079631714;2940802.8475453625;4563162.817768881;1622359.9702235183;56894.68530772825;260978.5079631714;2940802.8475453625;4563162.817768881;
26-Nov-2020;1626244.5995884167;57003.51655377027;261423.91846694355;2943440.006530635;4569684.606119052;1626244.5995884167;57003.51655377027;261423.91846694355;2943440.006530635;4569684.606119052;
26-Nov-2020;1630075.4512388983;57112.13033264258;261868.48515131802;2946146.1970069488;4576221.648245847;1630075.4512388983;57112.13033264258;261868.48515131802;2946146.1970069488;4576221.648245847;
26-Nov-2020;1633852.8920592654;57220.527504890364;262312.2304168153;2948921.7612294056;4582774.653288671;1633852.8920592654;57220.527504890364;262312.2304168153;2948921.7612294056;4582774.653288671;
26-Nov-2020;1637577.2853891642;57328.70907307364;262755.17707687116;2951767.049845108;4589344.335234271;1637577.2853891642;57328.70907307364;262755.17707687116;2951767.049845108;4589344.335234271;
26-Nov-2020;1641248.9908220547;57436.67618020706;263197.3483543347;2954682.422140188;4595931.412962243;1641248.9908220547;57436.67618020706;263197.3483543347;2954682.422140188;4595931.412962243;
27-Nov-2020;1644868.3640064802;57544.43010822504;263638.7678780861;2957668.246290084;4602536.610296564;1644868.3640064802;57544.43010822504;263638.7678780861;2957668.246290084;4602536.610296564;
27-Nov-2020;1648443.9929820579;57651.97227642807;264079.45965684514;2960714.4675520076;4609158.460534066;1648443.9929820579;57651.97227642807;264079.45965684514;2960714.4675520076;4609158.460534066;
27-Nov-2020;1651984.4345031993;57759.30423943648;264519.4479612092;2963810.8714350536;4615795.305938252;1651984.4345031993;57759.30423943648;264519.4479612092;2963810.8714350536;4615795.305938252;
27-Nov-2020;1655489.977650073;57866.42768423547;264958.75720533414;2966957.6112876786;4622447.588937751;1655489.977650073;57866.42768423547;264958.75720533414;2966957.6112876786;4622447.588937751;
27-Nov-2020;1658960.9075197638;57973.34442677158;265397.4119201652;2970154.846358696;4629115.753878459;1658960.9075197638;57973.34442677158;265397.4119201652;2970154.846358696;4629115.753878459;
27-Nov-2020;1662397.5051663523;58080.056408590295;265835.4367497895;2973402.741907397;4635800.24707375;1662397.5051663523;58080.056408590295;265835.4367497895;2973402.741907397;4635800.24707375;
28-Nov-2020;1665800.0475440517;58186.56569355718;266272.85644802474;2976701.469312648;4642501.5168567;1665800.0475440517;58186.56569355718;266272.85644802474;2976701.469312648;4642501.5168567;
28-Nov-2020;1669169.8602449822;58292.87446463426;266709.6958610174;2980048.7963793264;4649218.656624309;1669169.8602449822;58292.87446463426;266709.6958610174;2980048.7963793264;4649218.656624309;
28-Nov-2020;1672508.2613978402;58398.985020420085;267145.9798542723;2983442.4561730498;4655950.71757089;1672508.2613978402;58398.985020420085;267145.9798542723;2983442.4561730498;4655950.71757089;
28-Nov-2020;1675815.5084105874;58504.8997712118;267581.7332428361;2986882.5787024945;4662698.087113082;1675815.5084105874;58504.8997712118;267581.7332428361;2986882.5787024945;4662698.087113082;
28-Nov-2020;1679091.853601632;58610.62123489487;268016.9807805459;2990369.3002402545;4669461.153841886;1679091.853601632;58610.62123489487;268016.9807805459;2990369.3002402545;4669461.153841886;
28-Nov-2020;1682337.5442423036;58716.152032968916;268451.7471636798;2993902.7633512933;4676240.307593597;1682337.5442423036;58716.152032968916;268451.7471636798;2993902.7633512933;4676240.307593597;
29-Nov-2020;1685552.8225975172;58821.494886730994;268886.05703451537;2997483.1169230645;4683035.939520582;1685552.8225975172;58821.494886730994;268886.05703451537;2997483.1169230645;4683035.939520582;
29-Nov-2020;1688744.436114188;58926.65261357756;269319.9349676578;3001102.3639154197;4689846.8000296075;1688744.436114188;58926.65261357756;269319.9349676578;3001102.3639154197;4689846.8000296075;
29-Nov-2020;1691919.1146940293;59031.62812306488;269753.40538752894;3004752.377261575;4696671.4919556035;1691919.1146940293;59031.62812306488;269753.40538752894;3004752.377261575;4696671.4919556035;
29-Nov-2020;1695077.060939277;59136.424412410975;270186.492485352;3008433.12611008;4703510.187049356;1695077.060939277;59136.424412410975;270186.492485352;3008433.12611008;4703510.187049356;
29-Nov-2020;1698218.4733192148;59241.04456177769;270619.2202044667;3012144.5849709916;4710363.058290207;1698218.4733192148;59241.04456177769;270619.2202044667;3012144.5849709916;4710363.058290207;
29-Nov-2020;1701343.5462207044;59345.4917296948;271051.61224291037;3015886.7336611887;4717230.279881893;1701343.5462207044;59345.4917296948;271051.61224291037;3015886.7336611887;4717230.279881893;
30-Nov-2020;1704452.4699994302;59449.769148654035;271483.69205615507;3019659.5572501156;4724112.027249546;1704452.4699994302;59449.769148654035;271483.69205615507;3019659.5572501156;4724112.027249546;
30-Nov-2020;1707552.9457117124;59553.880120828406;271915.4828389185;3023453.513993202;4731006.459704914;1707552.9457117124;59553.880120828406;271915.4828389185;3023453.513993202;4731006.459704914;
30-Nov-2020;1710652.6607133427;59657.828013476836;272347.007422795;3027258.906174658;4737911.566888001;1710652.6607133427;59657.828013476836;272347.007422795;3027258.906174658;4737911.566888001;
30-Nov-2020;1713751.7743043376;59761.61625364984;272778.2881740056;3031075.4982815348;4744827.272585872;1713751.7743043376;59761.61625364984;272778.2881740056;3031075.4982815348;4744827.272585872;
30-Nov-2020;1716850.4424912252;59865.24832261817;273209.34697571973;3034903.060602597;4751753.503093822;1716850.4424912252;59865.24832261817;273209.34697571973;3034903.060602597;4751753.503093822;
30-Nov-2020;1719948.8180091965;59968.72775047235;273640.20523185236;3038741.3690917767;4758690.187100973;1719948.8180091965;59968.72775047235;273640.20523185236;3038741.3690917767;4758690.187100973;
01-Dec-2020;1723047.0503470642;60072.05811092925;274070.8838712435;3042590.2052338338;4765637.255580897;1723047.0503470642;60072.05811092925;274070.8838712435;3042590.2052338338;4765637.255580897;
01-Dec-2020;1726144.4381959203;60175.2430163505;274501.40335669863;3046450.6344024898;4772595.07259841;1726144.4381959203;60175.2430163505;274501.40335669863;3046450.6344024898;4772595.07259841;
01-Dec-2020;1729240.2777599252;60278.28611306096;274931.7837121423;3050323.7468684;4779564.024628325;1729240.2777599252;60278.28611306096;274931.7837121423;3050323.7468684;4779564.024628325;
01-Dec-2020;1732334.7104410366;60381.19107704076;275362.04454938264;3054209.368870522;4786544.079311558;1732334.7104410366;60381.19107704076;275362.04454938264;3054209.368870522;4786544.079311558;
01-Dec-2020;1735427.874664113;60483.96160989087;275792.2050766133;3058107.331429861;4793535.206093974;1735427.874664113;60483.96160989087;275792.2050766133;3058107.331429861;4793535.206093974;
01-Dec-2020;1738519.9059091108;60586.60143496987;276222.28410260624;3062017.4702384146;4800537.376147525;1738519.9059091108;60586.60143496987;276222.28410260624;3062017.4702384146;4800537.376147525;
02-Dec-2020;1741610.9367449754;60689.11429368995;276652.30004114413;3065939.62554988;4807550.562294855;1741610.9367449754;60689.11429368995;276652.30004114413;3065939.62554988;4807550.562294855;
02-Dec-2020;1744705.3890670303;60791.50394194509;277082.2709034961;3069868.1848776606;4814573.573944692;1744705.3890670303;60791.50394194509;277082.2709034961;3069868.1848776606;4814573.573944692;
02-Dec-2020;1747807.6810307433;60893.77414641674;277512.2142424685;3073797.447768849;4821605.128799592;1747807.6810307433;60893.77414641674;277512.2142424685;3073797.447768849;4821605.128799592;
02-Dec-2020;1750917.9348680095;60995.928680534955;277942.1470968619;3077727.1304978435;4828645.065365854;1750917.9348680095;60995.928680534955;277942.1470968619;3077727.1304978435;4828645.065365854;
02-Dec-2020;1754036.2699916363;61097.97132033934;278372.08598503924;3081656.954782691;4835693.224774327;1754036.2699916363;61097.97132033934;278372.08598503924;3081656.954782691;4835693.224774327;
02-Dec-2020;1757162.8030005633;61199.90584049774;278802.04691099556;3085586.6476535033;4842749.450654066;1757162.8030005633;61199.90584049774;278802.04691099556;3085586.6476535033;4842749.450654066;
03-Dec-2020;1760297.6476877206;61301.736010502216;279232.04537071177;3089515.9413240063;4849813.589011726;1760297.6476877206;61301.736010502216;279232.04537071177;3089515.9413240063;4849813.589011726;
03-Dec-2020;1763431.7722983805;61403.465591100896;279662.0963911397;3093456.8118732045;4856888.584171586;1763431.7722983805;61403.465591100896;279662.0963911397;3093456.8118732045;4856888.584171586;
03-Dec-2020;1766556.1405422373;61505.098331627836;280092.21469798195;3097421.4413972334;4863977.581939471;1766556.1405422373;61505.098331627836;280092.21469798195;3097421.4413972334;4863977.581939471;
03-Dec-2020;1769670.8548463895;61606.63796879692;280522.41488104174;3101409.8781206855;4871080.732967075;1769670.8548463895;61606.63796879692;280522.41488104174;3101409.8781206855;4871080.732967075;
03-Dec-2020;1772776.015860213;61708.088226283275;280952.71142826986;3105422.172995378;4878198.188855591;1772776.015860213;61708.088226283275;280952.71142826986;3105422.172995378;4878198.188855591;
03-Dec-2020;1775871.7224758852;61809.45281438954;281383.1187272688;3109458.379678873;4885330.102154759;1775871.7224758852;61809.45281438954;281383.1187272688;3109458.379678873;4885330.102154759;
04-Dec-2020;1778958.071849191;61910.73542973456;281813.65106686123;3113518.554513315;4892476.626362506;1778958.071849191;61910.73542973456;281813.65106686123;3113518.554513315;4892476.626362506;
04-Dec-2020;1782039.303814458;62011.93975493125;282244.32262150105;3117596.966629482;4899636.27044394;1782039.303814458;62011.93975493125;282244.32262150105;3117596.966629482;4899636.27044394;
04-Dec-2020;1785119.6588644057;62113.069457899524;282675.14736756426;3121687.7915889807;4906807.450453387;1785119.6588644057;62113.069457899524;282675.14736756426;3121687.7915889807;4906807.450453387;
04-Dec-2020;1788199.2334624913;62214.12819051377;283106.1390015834;3125790.9483529013;4913990.181815393;1788199.2334624913;62214.12819051377;283106.1390015834;3125790.9483529013;4913990.181815393;
04-Dec-2020;1791278.1218035019;62315.11958694511;283537.3109287348;3129906.358900044;4921184.480703545;1791278.1218035019;62315.11958694511;283537.3109287348;3129906.358900044;4921184.480703545;
04-Dec-2020;1794356.415860624;62416.04726207022;283968.6762686869;3134033.9481517477;4928390.364012372;1794356.415860624;62416.04726207022;283968.6762686869;3134033.9481517477;4928390.364012372;
05-Dec-2020;1797434.2054321195;62516.9148099762;284400.2478614118;3138173.643898348;4935607.849330468;1797434.2054321195;62516.9148099762;284400.2478614118;3138173.643898348;4935607.849330468;
05-Dec-2020;1800504.8204250555;62617.7258026025;284832.0382960331;3142334.341422285;4942839.16184734;1800504.8204250555;62617.7258026025;284832.0382960331;3142334.341422285;4942839.16184734;
05-Dec-2020;1803561.5822120125;62718.48378899139;285264.06003132585;3146525.0911898757;4950086.673401888;1803561.5822120125;62718.48378899139;285264.06003132585;3146525.0911898757;4950086.673401888;
05-Dec-2020;1806604.5618212698;62819.19229555091;285696.32551447005;3150746.0610195366;4957350.622840806;1806604.5618212698;62819.19229555091;285696.32551447005;3150746.0610195366;4957350.622840806;
05-Dec-2020;1809633.8290364426;62919.854826849034;286128.8472061969;3154997.4210392446;4964631.250075687;1809633.8290364426;62919.854826849034;286128.8472061969;3154997.4210392446;4964631.250075687;
05-Dec-2020;1812649.4524074267;63020.474866438766;286561.6375826387;3159279.343703248;4971928.796110675;1812649.4524074267;63020.474866438766;286561.6375826387;3159279.343703248;4971928.796110675;
06-Dec-2020;1815651.4992605858;63121.05587766986;286994.70913711697;3163592.003809357;4979243.503069943;1815651.4992605858;63121.05587766986;286994.70913711697;3163592.003809357;4979243.503069943;
06-Dec-2020;1818644.1392854345;63221.601304449505;287428.0743623543;3167929.609977254;4986573.749262689;1818644.1392854345;63221.601304449505;287428.0743623543;3167929.609977254;4986573.749262689;
06-Dec-2020;1821631.5460838492;63322.11457155167;287861.7456555015;3172286.2721041804;4993917.81818803;1821631.5460838492;63322.11457155167;287861.7456555015;3172286.2721041804;4993917.81818803;
06-Dec-2020;1824613.793184162;63422.599084136826;288295.7352256905;3176662.017657337;5001275.810841499;1824613.793184162;63422.599084136826;288295.7352256905;3176662.017657337;5001275.810841499;
06-Dec-2020;1827590.9521187376;63523.0582268939;288730.0550813989;3181056.8764114794;5008647.8285302175;1827590.9521187376;63523.0582268939;288730.0550813989;3181056.8764114794;5008647.8285302175;
06-Dec-2020;1830563.0924847703;63623.49536322689;289164.71703735227;3185470.8803985366;5016033.972883307;1830563.0924847703;63623.49536322689;289164.71703735227;3185470.8803985366;5016033.972883307;
07-Dec-2020;1833530.2820030202;63723.91383451924;289599.73272121075;3189904.0638589486;5023434.345861969;1833530.2820030202;63723.91383451924;289599.73272121075;3189904.0638589486;5023434.345861969;
07-Dec-2020;1836483.367327639;63824.31695953207;290035.1136112837;3194368.669720432;5030852.037048071;1836483.367327639;63824.31695953207;290035.1136112837;3194368.669720432;5030852.037048071;
07-Dec-2020;1839413.178420419;63924.70803457507;290470.87119819125;3198877.1577254706;5038290.33614589;1839413.178420419;63924.70803457507;290470.87119819125;3198877.1577254706;5038290.33614589;
07-Dec-2020;1842319.7483412577;64025.09033499798;290907.01714414003;3203429.89904572;5045749.647386977;1842319.7483412577;64025.09033499798;290907.01714414003;3203429.89904572;5045749.647386977;
07-Dec-2020;1845203.1094247447;64125.4671173529;291343.5633155028;3208027.268070102;5053230.3774948465;1845203.1094247447;64125.4671173529;291343.5633155028;3208027.268070102;5053230.3774948465;
07-Dec-2020;1848063.2932384657;64225.84162155176;291780.521783843;3212669.642501426;5060732.935739892;1848063.2932384657;64225.84162155176;291780.521783843;3212669.642501426;5060732.935739892;
08-Dec-2020;1850900.3305403139;64326.21707296031;292217.90482683404;3217357.4034542455;5068257.73399456;1850900.3305403139;64326.21707296031;292217.90482683404;3217357.4034542455;5068257.73399456;
08-Dec-2020;1853707.7277349916;64426.59668447211;292655.7249509412;3222099.550029637;5075807.277764628;1853707.7277349916;64426.59668447211;292655.7249509412;3222099.550029637;5075807.277764628;
08-Dec-2020;1856478.977559693;64526.98365901401;293093.99500100495;3226905.2445834894;5083384.2221431825;1856478.977559693;64526.98365901401;293093.99500100495;3226905.2445834894;5083384.2221431825;
08-Dec-2020;1859214.0827244408;64627.381192872126;293532.7282685247;3231775.1272550407;5090989.209979482;1859214.0827244408;64627.381192872126;293532.7282685247;3231775.1272550407;5090989.209979482;
08-Dec-2020;1861913.045255419;64727.792479389915;293971.9385116054;3236709.845075859;5098622.890331279;1861913.045255419;64727.792479389915;293971.9385116054;3236709.845075859;5098622.890331279;
08-Dec-2020;1864575.866316778;64828.22071257036;294411.639952981;3241710.052220929;5106285.918537707;1864575.866316778;64828.22071257036;294411.639952981;3241710.052220929;5106285.918537707;
09-Dec-2020;1867202.5460336588;64928.66909054538;294851.8472780945;3246776.4102622527;5113978.956295911;1867202.5460336588;64928.66909054538;294851.8472780945;3246776.4102622527;5113978.956295911;
09-Dec-2020;1869800.8807652723;65029.14081885697;295292.57560189156;3251898.793678003;5121699.674443275;1869800.8807652723;65029.14081885697;295292.57560189156;3251898.793678003;5121699.674443275;
09-Dec-2020;1872378.6836541272;65129.63911290988;295733.84031122143;3257066.874502411;5129445.558156538;1872378.6836541272;65129.63911290988;295733.84031122143;3257066.874502411;5129445.558156538;
09-Dec-2020;1874935.986834416;65230.16719904867;296175.65690982813;3262281.0104489936;5137216.997283409;1874935.986834416;65230.16719904867;296175.65690982813;3262281.0104489936;5137216.997283409;
09-Dec-2020;1877472.8204535174;65330.728314913795;296618.0409905098;3267541.5636949837;5145014.384148501;1877472.8204535174;65330.728314913795;296618.0409905098;3267541.5636949837;5145014.384148501;
09-Dec-2020;1879989.212673222;65431.325709755394;297061.00823870115;3272848.9009425654;5152838.113615788;1879989.212673222;65431.325709755394;297061.00823870115;3272848.9009425654;5152838.113615788;
10-Dec-2020;1882485.1896691292;65531.96264476329;297504.57443590194;3278203.3934817016;5160688.583150831;1882485.1896691292;65531.96264476329;297504.57443590194;3278203.3934817016;5160688.583150831;
10-Dec-2020;1884978.5145139117;65632.64239327711;297948.75539321045;3283581.0091431737;5168559.523657085;1884978.5145139117;65632.64239327711;297948.75539321045;3283581.0091431737;5168559.523657085;
10-Dec-2020;1887486.9969208308;65733.36823944049;298393.56660784275;3288957.2480045306;5176444.244925361;1887486.9969208308;65733.36823944049;298393.56660784275;3288957.2480045306;5176444.244925361;
10-Dec-2020;1890010.7539215141;65834.1434740712;298839.02292538434;3294331.7622823184;5184342.516203833;1890010.7539215141;65834.1434740712;298839.02292538434;3294331.7622823184;5184342.516203833;
10-Dec-2020;1892549.8996913938;65934.97138919552;299285.13848517527;3299704.2088845004;5192254.1085758945;1892549.8996913938;65934.97138919552;299285.13848517527;3299704.2088845004;5192254.1085758945;
10-Dec-2020;1895104.5455645835;66035.85527274985;299731.9267358185;3305074.249272521;5200178.794837105;1895104.5455645835;66035.85527274985;299731.9267358185;3305074.249272521;5200178.794837105;
11-Dec-2020;1897674.800049782;66136.79840357216;300179.4004505144;3310441.549328725;5208116.349378508;1897674.800049782;66136.79840357216;300179.4004505144;3310441.549328725;5208116.349378508;
11-Dec-2020;1900257.024234477;66237.80404670599;300627.5717596432;3315811.189575518;5216068.213809995;1900257.024234477;66237.80404670599;300627.5717596432;3315811.189575518;5216068.213809995;
11-Dec-2020;1902847.5650822327;66338.87544936415;301076.4522520515;3321188.352399788;5224035.91748202;1902847.5650822327;66338.87544936415;301076.4522520515;3321188.352399788;5224035.91748202;
11-Dec-2020;1905446.500390147;66440.01583784392;301526.0530738463;3326572.8677135147;5232019.3681036625;1905446.500390147;66440.01583784392;301526.0530738463;3326572.8677135147;5232019.3681036625;
11-Dec-2020;1908053.9058646553;66541.22841501607;301976.3849556173;3331964.5682466454;5240018.4741113;1908053.9058646553;66541.22841501607;301976.3849556173;3331964.5682466454;5240018.4741113;
11-Dec-2020;1910669.8551606021;66642.51635800002;302427.45822187496;3337363.289452958;5248033.14461356;1910669.8551606021;66642.51635800002;302427.45822187496;3337363.289452958;5248033.14461356;
12-Dec-2020;1913294.4199199295;66743.8828159859;302879.2828003464;3342768.869418838;5256063.2893387675;1913294.4199199295;66743.8828159859;302879.2828003464;3342768.869418838;5256063.2893387675;
12-Dec-2020;1915926.698000192;66845.33090821051;303331.8682379229;3348182.7696121363;5264109.467612327;1915926.698000192;66845.33090821051;303331.8682379229;3348182.7696121363;5264109.467612327;
12-Dec-2020;1918565.7822336212;66946.86372222057;303785.22374318005;3353606.481208165;5272172.263441787;1918565.7822336212;66946.86372222057;303785.22374318005;3353606.481208165;5272172.263441787;
12-Dec-2020;1921211.7324469828;67048.48431253343;304239.3582274594;3359039.8920236924;5280251.624470674;1921211.7324469828;67048.48431253343;304239.3582274594;3359039.8920236924;5280251.624470674;
12-Dec-2020;1923864.6069459196;67150.19569954384;304694.28031772014;3364482.891974617;5288347.498920537;1923864.6069459196;67150.19569954384;304694.28031772014;3364482.891974617;5288347.498920537;
12-Dec-2020;1926524.4625434293;67252.0008685237;305149.9983624187;3369935.3730072738;5296459.835550703;1926524.4625434293;67252.0008685237;305149.9983624187;3369935.3730072738;5296459.835550703;
13-Dec-2020;1929191.3545881615;67353.90276869867;305606.52043733164;3375397.229031639;5304588.583619799;1929191.3545881615;67353.90276869867;305606.52043733164;3375397.229031639;5304588.583619799;
13-Dec-2020;1931871.6157643865;67455.90431235744;306063.85432989796;3380860.028523601;5312731.644287988;1931871.6157643865;67455.90431235744;306063.85432989796;3380860.028523601;5312731.644287988;
13-Dec-2020;1934571.59917116;67558.00837354983;306522.00743833283;3386315.181080746;5320886.780251905;1934571.59917116;67558.00837354983;306522.00743833283;3386315.181080746;5320886.780251905;
13-Dec-2020;1937291.3991084245;67660.21778599228;306980.9866721212;3391762.3355031;5329053.734611524;1937291.3991084245;67660.21778599228;306980.9866721212;3391762.3355031;5329053.734611524;
13-Dec-2020;1940031.1075631282;67762.53534062086;307440.7984392389;3397201.14440077;5337232.251963898;1940031.1075631282;67762.53534062086;307440.7984392389;3397201.14440077;5337232.251963898;
13-Dec-2020;1942790.8141966686;67864.96378325112;307901.44865496195;3402631.2641124274;5345422.078309095;1942790.8141966686;67864.96378325112;307901.44865496195;3402631.2641124274;5345422.078309095;
14-Dec-2020;1945570.6063339277;67967.505812381;308362.94275070203;3408052.3546273666;5353622.960961294;1945570.6063339277;67967.505812381;308362.94275070203;3408052.3546273666;5353622.960961294;
14-Dec-2020;1948376.816866338;68070.16407708543;308825.28565844696;3413455.4989454453;5361832.315811783;1948376.816866338;68070.16407708543;308825.28565844696;3413455.4989454453;5361832.315811783;
14-Dec-2020;1951215.79853232;68172.94117449655;309288.4816985372;3418831.6272207564;5370047.425753077;1951215.79853232;68172.94117449655;309288.4816985372;3418831.6272207564;5370047.425753077;
14-Dec-2020;1954087.6752381895;68275.83964643929;309752.5344700901;3424180.1668037926;5378267.842041981;1954087.6752381895;68275.83964643929;309752.5344700901;3424180.1668037926;5378267.842041981;
14-Dec-2020;1956992.5669647711;68378.8619757293;310217.4468409892;3429500.552202137;5386493.119166908;1956992.5669647711;68378.8619757293;310217.4468409892;3429500.552202137;5386493.119166908;
14-Dec-2020;1959930.5896855472;68482.01058265733;310683.2209625311;3434792.2250373964;5394722.814722943;1959930.5896855472;68482.01058265733;310683.2209625311;3434792.2250373964;5394722.814722943;
15-Dec-2020;1962901.8552891132;68585.2878216989;311149.8582840635;3440054.6340069156;5402956.489296029;1962901.8552891132;68585.2878216989;311149.8582840635;3440054.6340069156;5402956.489296029;
15-Dec-2020;1965908.7364098115;68688.69597842521;311617.3595587691;3445284.126704959;5411192.8631147705;1965908.7364098115;68688.69597842521;311617.3595587691;3445284.126704959;5411192.8631147705;
15-Dec-2020;1968953.609473121;68792.23726642621;312085.7248144952;3450477.0040814057;5419430.613554527;1968953.609473121;68792.23726642621;312085.7248144952;3450477.0040814057;5419430.613554527;
15-Dec-2020;1972036.5893623556;68895.91382408545;312554.95332560356;3455632.6525885314;5427669.241950887;1972036.5893623556;68895.91382408545;312554.95332560356;3455632.6525885314;5427669.241950887;
15-Dec-2020;1975157.785859809;68999.72771138525;313025.04362083826;3460750.4674977935;5435908.253357603;1975157.785859809;68999.72771138525;313025.04362083826;3460750.4674977935;5435908.253357603;
15-Dec-2020;1978317.3035523458;69103.68090692627;313495.99350004003;3465829.8528986056;5444147.156450951;1978317.3035523458;69103.68090692627;313495.99350004003;3465829.8528986056;5444147.156450951;
16-Dec-2020;1981515.241742155;69207.77530517032;313967.80005076854;3470870.221700788;5452385.463442943;1981515.241742155;69207.77530517032;313967.80005076854;3470870.221700788;5452385.463442943;
16-Dec-2020;1984735.777172111;69312.01271401695;314440.4597263807;3475892.795311463;5460628.572483574;1984735.777172111;69312.01271401695;314440.4597263807;3475892.795311463;5460628.572483574;
16-Dec-2020;1987963.0266742713;69416.3948539693;314913.96866733837;3480919.166041287;5468882.192715559;1987963.0266742713;69416.3948539693;314913.96866733837;3480919.166041287;5468882.192715559;
16-Dec-2020;1991196.9672649766;69520.92335994905;315388.3230143919;3485949.3378818724;5477146.305146849;1991196.9672649766;69520.92335994905;315388.3230143919;3485949.3378818724;5477146.305146849;
16-Dec-2020;1994437.5763561027;69625.59978445408;315863.5189696176;3490983.314051068;5485420.890407171;1994437.5763561027;69625.59978445408;315863.5189696176;3490983.314051068;5485420.890407171;
16-Dec-2020;1997684.831746907;69730.42560071757;316339.5527951522;3496021.097011754;5493705.92875866;1997684.831746907;69730.42560071757;316339.5527951522;3496021.097011754;5493705.92875866;
17-Dec-2020;2000938.7116158386;69835.40220575401;316816.4208119232;3501062.6884902017;5502001.40010604;2000938.7116158386;69835.40220575401;316816.4208119232;3501062.6884902017;5502001.40010604;
17-Dec-2020;2004202.6438829878;69940.53092327027;317294.1193851047;3506103.3717146674;5510306.015597655;2004202.6438829878;69940.53092327027;317294.1193851047;3506103.3717146674;5510306.015597655;
17-Dec-2020;2007480.0681965065;70045.81300617271;317772.64485708176;3511138.350094777;5518618.418291284;2007480.0681965065;70045.81300617271;317772.64485708176;3511138.350094777;5518618.418291284;
17-Dec-2020;2010770.9859425507;70151.24963844339;318251.99348207365;3516167.499548328;5526938.485490879;2010770.9859425507;70151.24963844339;318251.99348207365;3516167.499548328;5526938.485490879;
17-Dec-2020;2014075.3976399451;70256.84193666828;318732.1614150256;3521190.696589899;5535266.094229844;2014075.3976399451;70256.84193666828;318732.1614150256;3521190.696589899;5535266.094229844;
17-Dec-2020;2017393.3029492449;70362.59095150784;319213.144713866;3526207.8183243526;5543601.121273598;2017393.3029492449;70362.59095150784;319213.144713866;3526207.8183243526;5543601.121273598;
18-Dec-2020;2020724.700681562;70468.49766913622;319694.93934170296;3531218.7424407657;5551943.443122328;2020724.700681562;70468.49766913622;319694.93934170296;3531218.7424407657;5551943.443122328;
18-Dec-2020;2024074.5240070645;70574.56301258209;320177.54113404144;3536215.0798837794;5560289.603890844;2024074.5240070645;70574.56301258209;320177.54113404144;3536215.0798837794;5560289.603890844;
18-Dec-2020;2027447.7201810572;70680.78784225839;320660.94562906685;3541188.326996878;5568636.047177934;2027447.7201810572;70680.78784225839;320660.94562906685;3541188.326996878;5568636.047177934;
18-Dec-2020;2030844.3137955775;70787.17295509283;321145.14790547726;3546138.184353525;5576982.498149103;2030844.3137955775;70787.17295509283;321145.14790547726;3546138.184353525;5576982.498149103;
18-Dec-2020;2034264.3255367104;70893.71908301617;321630.1425651391;3551064.3559724283;5585328.681509139;2034264.3255367104;70893.71908301617;321630.1425651391;3551064.3559724283;5585328.681509139;
18-Dec-2020;2037707.772239153;71000.42689156986;322115.92375069426;3555966.5493012057;5593674.3215403585;2037707.772239153;71000.42689156986;322115.92375069426;3555966.5493012057;5593674.3215403585;
19-Dec-2020;2041174.6669393026;71107.29697868948;322602.485162505;3560844.4752019104;5602019.142141213;2041174.6669393026;71107.29697868948;322602.485162505;3560844.4752019104;5602019.142141213;
19-Dec-2020;2044686.4389125889;71214.32987350442;323089.81999771704;3565669.0482575498;5610355.487170139;2044686.4389125889;71214.32987350442;323089.81999771704;3565669.0482575498;5610355.487170139;
19-Dec-2020;2048264.5773162663;71321.52603355891;323577.92058366066;3570410.755595988;5618675.332912255;2048264.5773162663;71321.52603355891;323577.92058366066;3570410.755595988;5618675.332912255;
19-Dec-2020;2051909.206690109;71428.8858391101;324066.7780215548;3575068.6547583183;5626977.861448429;2051909.206690109;71428.8858391101;324066.7780215548;3575068.6547583183;5626977.861448429;
19-Dec-2020;2055620.4386512074;71536.40958613042;324556.3821466854;3579641.8291667146;5635262.267817922;2055620.4386512074;71536.40958613042;324556.3821466854;3579641.8291667146;5635262.267817922;
19-Dec-2020;2059398.371556057;71644.09747968352;325046.72156648163;3584129.3883418506;5643527.759897907;2059398.371556057;71644.09747968352;325046.72156648163;3584129.3883418506;5643527.759897907;
20-Dec-2020;2063243.0901836453;71751.9496278026;325537.7836982427;3588530.4681175645;5651773.55830121;2063243.0901836453;71751.9496278026;325537.7836982427;3588530.4681175645;5651773.55830121;
20-Dec-2020;2067126.1377330252;71859.96603606147;326029.5549150714;3592883.12700451;5660009.264737535;2067126.1377330252;71859.96603606147;326029.5549150714;3592883.12700451;5660009.264737535;
20-Dec-2020;2071018.9687698304;71968.1466050438;326522.02111903625;3597225.9664361696;5668244.935206001;2071018.9687698304;71968.1466050438;326522.02111903625;3597225.9664361696;5668244.935206001;
20-Dec-2020;2074921.4845153447;72076.49113255192;327015.1682955677;3601558.996247023;5676480.480762368;2074921.4845153447;72076.49113255192;327015.1682955677;3601558.996247023;5676480.480762368;
20-Dec-2020;2078833.587328428;72184.99931821747;327508.98261998483;3605882.2245201105;5684715.811848539;2078833.587328428;72184.99931821747;327508.98261998483;3605882.2245201105;5684715.811848539;
20-Dec-2020;2082755.180682537;72293.67076813547;328003.45045376284;3610195.657642576;5692950.838325113;2082755.180682537;72293.67076813547;328003.45045376284;3610195.657642576;5692950.838325113;
21-Dec-2020;2086686.169142679;72402.50499931836;328498.5583408119;3614499.3003599714;5701185.469502651;2086686.169142679;72402.50499931836;328498.5583408119;3614499.3003599714;5701185.469502651;
21-Dec-2020;2090611.24788394;72511.50144408885;328994.29306233063;3618813.9591599843;5709425.207043924;2090611.24788394;72511.50144408885;328994.29306233063;3618813.9591599843;5709425.207043924;
21-Dec-2020;2094515.0786119448;72620.65945561789;329490.64192258473;3623160.730888353;5717675.8095002975;2094515.0786119448;72620.65945561789;329490.64192258473;3623160.730888353;5717675.8095002975;
21-Dec-2020;2098397.5037647896;72729.9783156207;329987.59302571905;3627540.06994473;5725937.57370952;2098397.5037647896;72729.9783156207;329987.59302571905;3627540.06994473;5725937.57370952;
21-Dec-2020;2102258.374148333;72839.45724297283;330485.13531224214;3631952.4257594077;5734210.79990774;2102258.374148333;72839.45724297283;330485.13531224214;3631952.4257594077;5734210.79990774;
21-Dec-2020;2106097.548589699;72949.09540198333;330983.25853690493;3636398.2430648557;5742495.791654555;2106097.548589699;72949.09540198333;330983.25853690493;3636398.2430648557;5742495.791654555;
22-Dec-2020;2109914.8936025184;73058.89191023308;331481.95324735245;3640877.9621603223;5750792.855762841;2109914.8936025184;73058.89191023308;331481.95324735245;3640877.9621603223;5750792.855762841;
22-Dec-2020;2113720.305352702;73168.84584593544;331981.2107308775;3645378.8775396985;5759099.182892401;2113720.305352702;73168.84584593544;331981.2107308775;3645378.8775396985;5759099.182892401;
22-Dec-2020;2117523.7076928057;73278.9562541678;332481.0228326979;3649888.0845757904;5767411.792268597;2117523.7076928057;73278.9562541678;332481.0228326979;3649888.0845757904;5767411.792268597;
22-Dec-2020;2121325.027718387;73389.2221514237;332981.3817786278;3654405.708496952;5775730.736215339;2121325.027718387;73389.2221514237;332981.3817786278;3654405.708496952;5775730.736215339;
22-Dec-2020;2125124.1953723147;73499.64252918764;333482.28013150825;3658931.8720193435;5784056.067391658;2125124.1953723147;73499.64252918764;333482.28013150825;3658931.8720193435;5784056.067391658;
22-Dec-2020;2128921.1433504433;73610.21635725361;333983.7107809724;3663466.695430111;5792387.838780555;2128921.1433504433;73610.21635725361;333983.7107809724;3663466.695430111;5792387.838780555;
23-Dec-2020;2132715.8070104346;73720.942586859;334485.66693354194;3668010.2966679893;5800726.103678425;2132715.8070104346;73720.942586859;334485.66693354194;3668010.2966679893;5800726.103678425;
23-Dec-2020;2136519.8522332413;73831.82012277663;334988.1262116732;3671286.640838003;5807806.493071244;2136519.8522332413;73831.82012277663;334988.1262116732;3671286.640838003;5807806.493071244;
23-Dec-2020;2140344.6167886374;73942.84756186474;335491.0201582518;3674274.925129941;5814619.5419185795;2140344.6167886374;73942.84756186474;335491.0201582518;3674274.925129941;5814619.5419185795;
23-Dec-2020;2144189.395033598;74054.02289533222;335994.2524643415;3677233.7662555357;5821423.161289133;2144189.395033598;74054.02289533222;335994.2524643415;3677233.7662555357;5821423.161289133;
23-Dec-2020;2148053.5091917166;74165.34347327748;336497.73175675486;3680163.26529306;5828216.774484777;2148053.5091917166;74165.34347327748;336497.73175675486;3680163.26529306;5828216.774484777;
23-Dec-2020;2151936.3087651622;74276.8060629098;337001.37143321504;3683063.5076362486;5834999.816401411;2151936.3087651622;74276.8060629098;337001.37143321504;3683063.5076362486;5834999.816401411;
24-Dec-2020;2155837.1693033404;74388.40690264785;337505.08941793256;3685934.5719352546;5841771.741238596;2155837.1693033404;74388.40690264785;337505.08941793256;3685934.5719352546;5841771.741238596;
24-Dec-2020;2159715.169016649;74500.14175288129;338008.8080494991;3688828.3636691095;5848543.532685759;2159715.169016649;74500.14175288129;338008.8080494991;3688828.3636691095;5848543.532685759;
24-Dec-2020;2163529.4326606854;74612.00594607182;338512.4544560159;3691797.3436283097;5855326.7762889955;2163529.4326606854;74612.00594607182;338512.4544560159;3691797.3436283097;5855326.7762889955;
24-Dec-2020;2167279.473881244;74723.99443847203;339015.96092475957;3694842.3882891247;5862121.862170368;2167279.473881244;74723.99443847203;339015.96092475957;3694842.3882891247;5862121.862170368;
24-Dec-2020;2170964.8687641416;74836.10186110147;339519.2647890671;3697964.3361201417;5868929.204884282;2170964.8687641416;74836.10186110147;339519.2647890671;3697964.3361201417;5868929.204884282;
24-Dec-2020;2174585.251690195;74948.3225675477;340022.3082042717;3701163.9905292867;5875749.242219482;2174585.251690195;74948.3225675477;340022.3082042717;3701163.9905292867;5875749.242219482;
25-Dec-2020;2178140.311405271;75060.6506785533;340525.037934175;3704442.1226641503;5882582.434069421;2178140.311405271;75060.6506785533;340525.037934175;3704442.1226641503;5882582.434069421;
25-Dec-2020;2181636.213282472;75173.08012351517;341027.40511827386;3707790.252218826;5889426.465501298;2181636.213282472;75173.08012351517;341027.40511827386;3707790.252218826;5889426.465501298;
25-Dec-2020;2185079.1576563427;75285.60467846948;341529.3649330716;3711199.7531701536;5896278.910826497;2185079.1576563427;75285.60467846948;341529.3649330716;3711199.7531701536;5896278.910826497;
25-Dec-2020;2188468.94791442;75398.21800022144;342030.8762668497;3714671.142641984;5903140.090556405;2188468.94791442;75398.21800022144;342030.8762668497;3714671.142641984;5903140.090556405;
25-Dec-2020;2191805.4231726555;75510.91365739565;342531.9015230762;3718204.915863174;5910010.3390358295;2191805.4231726555;75510.91365739565;342531.9015230762;3718204.915863174;5910010.3390358295;
25-Dec-2020;2195088.4558269833;75623.68515918661;343032.40646121546;3721801.5479225814;5916890.003749564;2195088.4558269833;75623.68515918661;343032.40646121546;3721801.5479225814;5916890.003749564;
26-Dec-2020;2198317.949231824;75736.52598199634;343532.3600448838;3725461.4954382274;5923779.444670052;2198317.949231824;75736.52598199634;343532.3600448838;3725461.4954382274;5923779.444670052;
26-Dec-2020;2201501.1241832296;75849.42959408357;344031.7342976495;3729177.9662242807;5930679.090407511;2201501.1241832296;75849.42959408357;344031.7342976495;3729177.9662242807;5930679.090407511;
26-Dec-2020;2204645.2101650597;75962.38947835057;344530.5041667713;3732944.0906384466;5937589.300803506;2204645.2101650597;75962.38947835057;344530.5041667713;3732944.0906384466;5937589.300803506;
26-Dec-2020;2207750.1537631117;76075.3991533705;345028.6473897297;3736760.195288226;5944510.349051338;2207750.1537631117;76075.3991533705;345028.6473897297;3736760.195288226;5944510.349051338;
26-Dec-2020;2210815.922662549;76188.4521927239;345526.14436186367;3740626.5951487715;5951442.517811321;2210815.922662549;76188.4521927239;345526.14436186367;3740626.5951487715;5951442.517811321;
26-Dec-2020;2213842.504122181;76301.54224272212;346022.9780092259;3744543.594644976;5958386.098767157;2213842.504122181;76301.54224272212;346022.9780092259;3744543.594644976;5958386.098767157;
27-Dec-2020;2216829.9035293083;76414.66303861504;346519.1336673595;3748511.4886806686;5965341.392209977;2216829.9035293083;76414.66303861504;346519.1336673595;3748511.4886806686;5965341.392209977;
27-Dec-2020;2219787.9908587765;76527.80841932118;347014.5989371162;3752517.9799648086;5972305.970823585;2219787.9908587765;76527.80841932118;347014.5989371162;3752517.9799648086;5972305.970823585;
27-Dec-2020;2222726.622488872;76640.97234017972;347509.3634321796;3756550.610720463;5979277.233209335;2222726.622488872;76640.97234017972;347509.3634321796;3756550.610720463;5979277.233209335;
27-Dec-2020;2225645.790743679;76754.14888330273;348003.41853379173;3760609.4391037337;5986255.229847412;2225645.790743679;76754.14888330273;348003.41853379173;3760609.4391037337;5986255.229847412;
27-Dec-2020;2228545.4984039715;76867.33226619879;348496.75726632855;3764694.5193559113;5993240.017759882;2228545.4984039715;76867.33226619879;348496.75726632855;3764694.5193559113;5993240.017759882;
27-Dec-2020;2231425.757972613;76980.51684935884;348989.3742063631;3768805.9022465376;6000231.660219151;2231425.757972613;76980.51684935884;348989.3742063631;3768805.9022465376;6000231.660219151;
28-Dec-2020;2234286.590980014;77093.69714292558;349481.26539620373;3772943.635491531;6007230.226471544;2234286.590980014;77093.69714292558;349481.26539620373;3772943.635491531;6007230.226471544;
28-Dec-2020;2237144.9593267133;77206.86781240866;349972.4282092814;3777085.8204853544;6014230.779812068;2237144.9593267133;77206.86781240866;349972.4282092814;3777085.8204853544;6014230.779812068;
28-Dec-2020;2240017.780458234;77320.02368242705;350462.86101160006;3781210.2949962313;6021228.075454464;2240017.780458234;77320.02368242705;350462.86101160006;3781210.2949962313;6021228.075454464;
28-Dec-2020;2242904.9929791773;77433.15973761387;350952.5628317338;3785316.739780098;6028221.7327592755;2242904.9929791773;77433.15973761387;350952.5628317338;3785316.739780098;6028221.7327592755;
28-Dec-2020;2245806.5386431995;77546.27112182806;351441.5332477568;3789404.8426906536;6035211.381333853;2245806.5386431995;77546.27112182806;351441.5332477568;3789404.8426906536;6035211.381333853;
28-Dec-2020;2248722.362099841;77659.35313685583;351929.7723308118;3793474.2985730544;6042196.660672896;2248722.362099841;77659.35313685583;351929.7723308118;3793474.2985730544;6042196.660672896;
29-Dec-2020;2251652.4106522934;77772.40124074348;352417.28059228795;3797524.809159719;6049177.219812013;2251652.4106522934;77772.40124074348;352417.28059228795;3797524.809159719;6049177.219812013;
29-Dec-2020;2254595.7872432736;77885.41104575469;352904.05891099287;3801554.6991696763;6056150.48641295;2254595.7872432736;77885.41104575469;352904.05891099287;3801554.6991696763;6056150.48641295;
29-Dec-2020;2257551.5987102017;77998.37831551337;353390.1083729184;3805562.306581405;6063113.905291607;2257551.5987102017;77998.37831551337;353390.1083729184;3805562.306581405;6063113.905291607;
29-Dec-2020;2260519.8015404292;78111.29896098709;353875.4301223061;3809547.361984634;6070067.163525064;2260519.8015404292;78111.29896098709;353875.4301223061;3809547.361984634;6070067.163525064;
29-Dec-2020;2263500.3524102517;78224.16903587007;354360.0253148086;3813509.602728916;6077009.955139167;2263500.3524102517;78224.16903587007;354360.0253148086;3813509.602728916;6077009.955139167;
29-Dec-2020;2266493.208057803;78336.98473191012;354843.8950966816;3817448.7728248546;6083941.980882658;2266493.208057803;78336.98473191012;354843.8950966816;3817448.7728248546;6083941.980882658;
30-Dec-2020;2269498.3251629733;78449.74237423854;355327.04058568506;3821364.6228471394;6090862.948010112;2269498.3251629733;78449.74237423854;355327.04058568506;3821364.6228471394;6090862.948010112;
30-Dec-2020;2272512.8027276956;78562.43841673093;355809.46286157396;3825260.5301495693;6097773.332877264;2272512.8027276956;78562.43841673093;355809.46286157396;3825260.5301495693;6097773.332877264;
30-Dec-2020;2275533.7483311533;78675.06943757404;356291.1629897062;3829139.9130198113;6104673.661350965;2275533.7483311533;78675.06943757404;356291.1629897062;3829139.9130198113;6104673.661350965;
30-Dec-2020;2278561.1358172344;78787.6321351879;356772.142045178;3833002.5873143133;6111563.723131548;2278561.1358172344;78787.6321351879;356772.142045178;3833002.5873143133;6111563.723131548;
30-Dec-2020;2281594.939119741;78900.12332434503;357252.4011056936;3836848.3732473;6118443.312367041;2281594.939119741;78900.12332434503;357252.4011056936;3836848.3732473;6118443.312367041;
30-Dec-2020;2284635.132174002;79012.53993232187;357731.94123758544;3840677.0953329885;6125312.227506991;2284635.132174002;79012.53993232187;357731.94123758544;3840677.0953329885;6125312.227506991;
31-Dec-2020;2287681.688834143;79124.87899507562;358210.76348297327;3844488.582327944;6132170.271162087;2287681.688834143;79124.87899507562;358210.76348297327;3844488.582327944;6132170.271162087;
31-Dec-2020;2290748.8801457398;79237.13765335544;358688.86879704974;3848263.5048057656;6139012.384951506;2290748.8801457398;79237.13765335544;358688.86879704974;3848263.5048057656;6139012.384951506;
31-Dec-2020;2293850.9321137685;79349.31314771161;359166.2577857601;3851982.3773717717;6145833.30948554;2293850.9321137685;79349.31314771161;359166.2577857601;3851982.3773717717;6145833.30948554;
31-Dec-2020;2296987.7263432;79461.4028115364;359642.9304531635;3855644.8314216756;6152632.557764876;2296987.7263432;79461.4028115364;359642.9304531635;3855644.8314216756;6152632.557764876;
31-Dec-2020;2300159.140152156;79573.40406323176;360118.8861597817;3859250.514211942;6159409.654364098;2300159.140152156;79573.40406323176;360118.8861597817;3859250.514211942;6159409.654364098;
31-Dec-2020;2303365.04643215;79685.31439861738;360594.1236334178;3862799.088715165;6166164.1351473145;2303365.04643215;79685.31439861738;360594.1236334178;3862799.088715165;6166164.1351473145;
01-Jan-2021;2306605.3135172566;79797.13138367176;361068.6409806272;3866290.233480453;6172895.546997709;2306605.3135172566;79797.13138367176;361068.6409806272;3866290.233480453;6172895.546997709;
01-Jan-2021;2309870.220339513;79908.85264770931;361542.4357553947;3869738.6279392825;6179608.848278795;2309870.220339513;79908.85264770931;361542.4357553947;3869738.6279392825;6179608.848278795;
01-Jan-2021;2313150.0728245564;80020.47587814191;362015.5052496846;3873159.0592633085;6186309.132087864;2313150.0728245564;80020.47587814191;362015.5052496846;3873159.0592633085;6186309.132087864;
01-Jan-2021;2316444.791035858;80131.99881776414;362487.8467704704;3876551.3686093623;6192996.15964522;2316444.791035858;80131.99881776414;362487.8467704704;3876551.3686093623;6192996.15964522;
01-Jan-2021;2319754.2950910544;80243.4192633169;362959.4576810037;3879915.402463832;6199669.697554886;2319754.2950910544;80243.4192633169;362959.4576810037;3879915.402463832;6199669.697554886;
01-Jan-2021;2323078.5050630006;80354.73506408367;363430.3353854524;3883251.012584646;6206329.517647646;2323078.5050630006;80354.73506408367;363430.3353854524;3883251.012584646;6206329.517647646;
02-Jan-2021;2326417.3408863246;80465.94412042171;363900.47731476906;3886558.0559439915;6212975.396830317;2326417.3408863246;80465.94412042171;363900.47731476906;3886558.0559439915;6212975.396830317;
02-Jan-2021;2329758.013715237;80577.04438227478;364369.8809321213;3889850.8656538725;6219608.879369109;2329758.013715237;80577.04438227478;364369.8809321213;3889850.8656538725;6219608.879369109;
02-Jan-2021;2333087.7753979103;80688.03384805837;364838.5438132493;3893143.901784435;6226231.677182346;2333087.7753979103;80688.03384805837;364838.5438132493;3893143.901784435;6226231.677182346;
02-Jan-2021;2336406.627945175;80798.91056426213;365306.4637283907;3896437.194636177;6232843.822581352;2336406.627945175;80798.91056426213;365306.4637283907;3896437.194636177;6232843.822581352;
02-Jan-2021;2339714.5748920585;80909.672625408;365773.6386516713;3899730.7732480206;6239445.3481400795;2339714.5748920585;80909.672625408;365773.6386516713;3899730.7732480206;6239445.3481400795;
02-Jan-2021;2343011.6212274116;81020.31817397808;366240.0667525375;3903024.665450816;6246036.286678228;2343011.6212274116;81020.31817397808;366240.0667525375;3903024.665450816;6246036.286678228;
03-Jan-2021;2346297.773326533;81130.84540028164;366705.7463875414;3906318.897918618;6252616.671245151;2346297.773326533;81130.84540028164;366705.7463875414;3906318.897918618;6252616.671245151;
03-Jan-2021;2349585.0847377023;81241.25254217834;367170.6760470947;3909597.1198475123;6259182.204585214;2349585.0847377023;81241.25254217834;367170.6760470947;3909597.1198475123;6259182.204585214;
03-Jan-2021;2352885.5693575502;81351.53788373411;367634.8541243481;3912842.8664151817;6265728.435772733;2352885.5693575502;81351.53788373411;367634.8541243481;3912842.8664151817;6265728.435772733;
03-Jan-2021;2356199.153542974;81461.69975204364;368098.2786933078;3916056.016340171;6272255.169883145;2356199.153542974;81461.69975204364;368098.2786933078;3916056.016340171;6272255.169883145;
03-Jan-2021;2359525.760882581;81571.73651320042;368560.9474749528;3919236.45421827;6278762.215100851;2359525.760882581;81571.73651320042;368560.9474749528;3919236.45421827;6278762.215100851;
03-Jan-2021;2362865.3122279244;81681.64656840604;369022.85784933454;3922384.0704421215;6285249.382670046;2362865.3122279244;81681.64656840604;369022.85784933454;3922384.0704421215;6285249.382670046;
04-Jan-2021;2366217.7257255274;81791.4283502974;369484.006867454;3925498.761122726;6291716.486848253;2366217.7257255274;81791.4283502974;369484.006867454;3925498.761122726;6291716.486848253;
04-Jan-2021;2369573.046411321;81901.08031953785;369944.3912914982;3928593.0278938976;6298166.074305218;2369573.046411321;81901.08031953785;369944.3912914982;3928593.0278938976;6298166.074305218;
04-Jan-2021;2372921.3509660396;82010.60096224965;370404.00774742546;3931679.4603258576;6304600.811291898;2372921.3509660396;82010.60096224965;370404.00774742546;3931679.4603258576;6304600.811291898;
04-Jan-2021;2376262.619645006;82119.98878876865;370862.85287251504;3934758.074011003;6311020.69365601;2376262.619645006;82119.98878876865;370862.85287251504;3934758.074011003;6311020.69365601;
04-Jan-2021;2379596.8330323473;82229.24233310307;371320.9233449398;3937828.884205191;6317425.717237538;2379596.8330323473;82229.24233310307;371320.9233449398;3937828.884205191;6317425.717237538;
04-Jan-2021;2382923.972043919;82338.3601524672;371778.21588423726;3940891.9058348527;6323815.877878771;2382923.972043919;82338.3601524672;371778.21588423726;3940891.9058348527;6323815.877878771;
05-Jan-2021;2386244.017929718;82447.34082683355;372234.72725171194;3943947.15350418;6330191.171433898;2386244.017929718;82447.34082683355;372234.72725171194;3943947.15350418;6330191.171433898;
05-Jan-2021;2389550.5970970206;82556.18295858426;372690.45429298276;3947005.0228179595;6336555.61991498;2389550.5970970206;82556.18295858426;372690.45429298276;3947005.0228179595;6336555.61991498;
05-Jan-2021;2392837.36011428;82664.88517312138;373145.3941454912;3950075.978598771;6342913.338713052;2392837.36011428;82664.88517312138;373145.3941454912;3950075.978598771;6342913.338713052;
05-Jan-2021;2396104.338713414;82773.44612114065;373599.5444356018;3953160.1254977896;6349264.464211203;2396104.338713414;82773.44612114065;373599.5444356018;3953160.1254977896;6349264.464211203;
05-Jan-2021;2399351.5685008774;82881.86448164584;374052.9032997737;3956257.5648547877;6355609.133355665;2399351.5685008774;82881.86448164584;374052.9032997737;3956257.5648547877;6355609.133355665;
05-Jan-2021;2402579.0887436946;82990.13896478091;374505.46936342894;3959368.3948642733;6361947.483607968;2402579.0887436946;82990.13896478091;374505.46936342894;3959368.3948642733;6361947.483607968;
06-Jan-2021;2405786.942164849;83098.26831441338;374957.2417206772;3962492.7107350593;6368279.652899908;2405786.942164849;83098.26831441338;374957.2417206772;3962492.7107350593;6368279.652899908;
06-Jan-2021;2408977.2683180766;83206.25131046769;375408.21990669897;3965627.7320673675;6374605.000385444;2408977.2683180766;83206.25131046769;375408.21990669897;3965627.7320673675;6374605.000385444;
06-Jan-2021;2412152.2021101634;83314.08677085547;375858.40383882355;3968770.653636256;6380922.855746419;2412152.2021101634;83314.08677085547;375858.40383882355;3968770.653636256;6380922.855746419;
06-Jan-2021;2415311.7797336183;83421.77355287632;376307.7937598694;3971921.5335133118;6387233.313246931;2415311.7797336183;83421.77355287632;376307.7937598694;3971921.5335133118;6387233.313246931;
06-Jan-2021;2418456.0394906346;83529.31055427674;376756.39021589316;3975080.427920388;6393536.467411023;2418456.0394906346;83529.31055427674;376756.39021589316;3975080.427920388;6393536.467411023;
06-Jan-2021;2421585.021673351;83636.69671415647;377204.1940428223;3978247.3913217713;6399832.412995123;2421585.021673351;83636.69671415647;377204.1940428223;3978247.3913217713;6399832.412995123;
07-Jan-2021;2424698.768449428;83743.93101374635;377651.20635364257;3981422.4765125876;6406121.244962015;2424698.768449428;83743.93101374635;377651.20635364257;3981422.4765125876;6406121.244962015;
07-Jan-2021;2427812.459015428;83851.01246988821;378097.424830428;3984295.9674215084;6412108.4264369365;2427812.459015428;83851.01246988821;378097.424830428;3984295.9674215084;6412108.4264369365;
07-Jan-2021;2430941.14353015;83957.94007384905;378542.8365124019;3987077.3253397266;6418018.468869876;2430941.14353015;83957.94007384905;378542.8365124019;3987077.3253397266;6418018.468869876;
07-Jan-2021;2434084.6087727332;84064.7127202643;378987.4218089599;3989826.0017381455;6423910.610510878;2434084.6087727332;84064.7127202643;378987.4218089599;3989826.0017381455;6423910.610510878;
07-Jan-2021;2437242.6451103743;84171.32919573916;379431.1620160571;3992541.936293133;6429784.581403507;2437242.6451103743;84171.32919573916;379431.1620160571;3992541.936293133;6429784.581403507;
07-Jan-2021;2440415.0464231153;84277.78818909239;379874.0392828484;3995225.0711937193;6435640.117616835;2440415.0464231153;84277.78818909239;379874.0392828484;3995225.0711937193;6435640.117616835;
08-Jan-2021;2443601.6098906305;84384.08830078936;380316.0365601912;3997875.3530665194;6441476.96295715;2443601.6098906305;84384.08830078936;380316.0365601912;3997875.3530665194;6441476.96295715;
08-Jan-2021;2446815.2133873696;84490.22805160911;380757.13751053973;4000475.6955851302;6447290.9089725;2446815.2133873696;84490.22805160911;380757.13751053973;4000475.6955851302;6447290.9089725;
08-Jan-2021;2450068.6812680624;84596.20588974;381197.32625747775;4003008.9216915024;6453077.602959565;2450068.6812680624;84596.20588974;381197.32625747775;4003008.9216915024;6453077.602959565;
08-Jan-2021;2453361.70340386;84702.02019563856;381636.58714560856;4005474.886487626;6458836.589891487;2453361.70340386;84702.02019563856;381636.58714560856;4005474.886487626;6458836.589891487;
08-Jan-2021;2456693.9658805616;84807.66928558199;382074.90467444964;4007873.464410751;6464567.430291313;2456693.9658805616;84807.66928558199;382074.90467444964;4007873.464410751;6464567.430291313;
08-Jan-2021;2460065.1508973925;84913.1514148553;382512.26347679895;4010204.549007504;6470269.699904895;2460065.1508973925;84913.1514148553;382512.26347679895;4010204.549007504;6470269.699904895;
09-Jan-2021;2463474.936671123;85018.46478067931;382948.6482992482;4012468.052713561;6475942.989384684;2463474.936671123;85018.46478067931;382948.6482992482;4012468.052713561;6475942.989384684;
09-Jan-2021;2466909.8667197702;85123.60752498354;383384.0440261353;4014680.990969964;6481590.857689734;2466909.8667197702;85123.60752498354;383384.0440261353;4014680.990969964;6481590.857689734;
09-Jan-2021;2470356.543456287;85228.57773789359;383818.4358679994;4016860.468843582;6487217.012299868;2470356.543456287;85228.57773789359;383818.4358679994;4016860.468843582;6487217.012299868;
09-Jan-2021;2473814.76202317;85333.37346265519;384251.8095433369;4019006.5198719087;6492821.281895079;2473814.76202317;85333.37346265519;384251.8095433369;4019006.5198719087;6492821.281895079;
09-Jan-2021;2477284.3197925915;85437.99270111922;384684.1512902371;4021119.180922522;6498403.500715114;2477284.3197925915;85437.99270111922;384684.1512902371;4021119.180922522;6498403.500715114;
09-Jan-2021;2480765.0162277287;85542.43341890073;385115.4478375368;4023198.4921940733;6503963.508421802;2480765.0162277287;85542.43341890073;385115.4478375368;4023198.4921940733;6503963.508421802;
10-Jan-2021;2484256.6527508204;85646.6935501579;385545.68637760973;4025244.4972151797;6509501.149966;2484256.6527508204;85646.6935501579;385545.68637760973;4025244.4972151797;6509501.149966;
10-Jan-2021;2487749.3299271227;85750.77100207403;385974.85457114293;4027269.850311536;6515019.1802386595;2487749.3299271227;85750.77100207403;385974.85457114293;4027269.850311536;6515019.1802386595;
10-Jan-2021;2491233.2007718217;85854.66365968817;386402.94067284936;4029287.2564920015;6520520.457263823;2491233.2007718217;85854.66365968817;386402.94067284936;4029287.2564920015;6520520.457263823;
10-Jan-2021;2494708.1755171125;85958.36939161121;386829.9336523691;4031296.810621598;6526004.98613871;2494708.1755171125;85958.36939161121;386829.9336523691;4031296.810621598;6526004.98613871;
10-Jan-2021;2498174.170182004;86061.88605599098;387255.8231904059;4033298.6037818966;6531472.773963901;2498174.170182004;86061.88605599098;387255.8231904059;4033298.6037818966;6531472.773963901;
10-Jan-2021;2501631.1063013226;86165.21150608211;387680.59964542836;4035292.7234481853;6536923.829749508;2501631.1063013226;86165.21150608211;387680.59964542836;4035292.7234481853;6536923.829749508;
11-Jan-2021;2505078.910666988;86268.34359538827;388104.2540218787;4037279.253658479;6542358.164325467;2505078.910666988;86268.34359538827;388104.2540218787;4037279.253658479;6542358.164325467;
11-Jan-2021;2508517.5150810163;86371.28018240206;388526.7779398224;4039258.2751747514;6547775.790255768;2508517.5150810163;86371.28018240206;388526.7779398224;4039258.2751747514;6547775.790255768;
11-Jan-2021;2511946.856119719;86474.01913496607;388948.1636059741;4041229.865636734;6553176.721756453;2511946.856119719;86474.01913496607;388948.1636059741;4041229.865636734;6553176.721756453;
11-Jan-2021;2515366.8749086037;86576.55833427803;389368.4037860383;4043194.0997086135;6558560.974617217;2515366.8749086037;86576.55833427803;389368.4037860383;4043194.0997086135;6558560.974617217;
11-Jan-2021;2518777.516907497;86678.895678561;389787.4917783053;4045151.049218966;6563928.566126463;2518777.516907497;86678.895678561;389787.4917783053;4045151.049218966;6563928.566126463;
11-Jan-2021;2522178.7317054244;86781.02908641918;390205.4213884476;4047100.783294212;6569279.5149996355;2522178.7317054244;86781.02908641918;390205.4213884476;4047100.783294212;6569279.5149996355;
12-Jan-2021;2525570.4728248203;86882.95649989812;390622.1869054612;4049043.368485904;6574613.841310725;2525570.4728248203;86882.95649989812;390622.1869054612;4049043.368485904;6574613.841310725;
12-Jan-2021;2528952.6975346426;86984.67588726782;391037.7830787023;4050978.8688921193;6579931.566426762;2528952.6975346426;86984.67588726782;391037.7830787023;4050978.8688921193;6579931.566426762;
12-Jan-2021;2532325.366671997;87086.18524554552;391452.2050959687;4052907.3462732215;6585232.712945218;2532325.366671997;87086.18524554552;391452.2050959687;4052907.3462732215;6585232.712945218;
12-Jan-2021;2535688.4444718855;87187.4826027747;391865.44856258004;4054828.8601622544;6590517.30463414;2535688.4444718855;87187.4826027747;391865.44856258004;4054828.8601622544;6590517.30463414;
12-Jan-2021;2539041.898404718;87288.56602007538;392277.50948141195;4056743.4679702097;6595785.366374928;2539041.898404718;87288.56602007538;392277.50948141195;4056743.4679702097;6595785.366374928;
12-Jan-2021;2542385.6990212384;87389.43359348035;392688.38423384086;4058651.2250863896;6601036.924107629;2542385.6990212384;87389.43359348035;392688.38423384086;4058651.2250863896;6601036.924107629;
13-Jan-2021;2545719.8198045297;87490.08345557118;393098.06956155883;4060552.184974114;6606272.004778643;2545719.8198045297;87490.08345557118;393098.06956155883;4060552.184974114;6606272.004778643;
13-Jan-2021;2549044.237028781;87590.51377692666;393506.56254921964;4062446.399261954;6611490.636290735;2549044.237028781;87590.51377692666;393506.56254921964;4062446.399261954;6611490.636290735;
13-Jan-2021;2552358.9296245137;87690.72276739626;393913.8606078781;4064333.9178307187;6616692.8474552315;2552358.9296245137;87690.72276739626;393913.8606078781;4064333.9178307187;6616692.8474552315;
13-Jan-2021;2555663.8790499778;87790.70867720996;394319.9614591874;4066214.788896373;6621878.667946351;2555663.8790499778;87790.70867720996;394319.9614591874;4066214.788896373;6621878.667946351;
13-Jan-2021;2558959.0691684345;87890.4697979355;394724.8631203205;4068089.0590890828;6627048.128257517;2558959.0691684345;87890.4697979355;394724.8631203205;4068089.0590890828;6627048.128257517;
13-Jan-2021;2562244.4861310683;87990.00446329336;395128.5638895824;4069956.7735285587;6632201.259659627;2562244.4861310683;87990.00446329336;395128.5638895824;4069956.7735285587;6632201.259659627;
14-Jan-2021;2565520.118265268;88089.31104983919;395531.0623326827;4071817.975895871;6637338.094161139;2565520.118265268;88089.31104983919;395531.0623326827;4071817.975895871;6637338.094161139;
14-Jan-2021;2568785.955968041;88188.38797752296;395932.3572696386;4073672.7085018912;6642458.664469932;2568785.955968041;88188.38797752296;395932.3572696386;4073672.7085018912;6642458.664469932;
14-Jan-2021;2572041.991604324;88287.23371013334;396332.4477622798;4075521.0123525197;6647563.003956843;2572041.991604324;88287.23371013334;396332.4477622798;4075521.0123525197;6647563.003956843;
14-Jan-2021;2575288.219409973;88385.84675563581;396731.3331023279;4077362.927210849;6652651.146620821;2575288.219409973;88385.84675563581;396731.3331023279;4077362.927210849;6652651.146620821;
14-Jan-2021;2578524.6353992196;88484.22566641188;397129.0128000254;4079198.491656393;6657723.127055612;2578524.6353992196;88484.22566641188;397129.0128000254;4079198.491656393;6657723.127055612;
14-Jan-2021;2581751.237276394;88582.36903940685;397525.4865732883;4081027.7431415264;6662778.98041792;2581751.237276394;88582.36903940685;397525.4865732883;4081027.7431415264;6662778.98041792;
15-Jan-2021;2584968.024351718;88680.27551619313;397920.7543373589;4082850.718045261;6667818.742396979;2584968.024351718;88680.27551619313;397920.7543373589;4082850.718045261;6667818.742396979;
15-Jan-2021;2588174.997460989;88777.94378295513;398314.81619493733;4084667.4517244757;6672842.4491854645;2588174.997460989;88777.94378295513;398314.81619493733;4084667.4517244757;6672842.4491854645;
15-Jan-2021;2591372.158888976;88875.37257040235;398707.67242676805;4086477.978562719;6677850.137451695;2591372.158888976;88875.37257040235;398707.67242676805;4086477.978562719;6677850.137451695;
15-Jan-2021;2594559.5122963614;88972.5606536159;399099.32348266314;4088282.332016704;6682841.8443130655;2594559.5122963614;88972.5606536159;399099.32348266314;4088282.332016704;6682841.8443130655;
15-Jan-2021;2597737.0626500645;89069.50685183417;399489.7699729406;4090080.5446605887;6687817.607310654;2597737.0626500645;89069.50685183417;399489.7699729406;4090080.5446605887;6687817.607310654;
15-Jan-2021;2600904.816156798;89166.21002818253;399879.0126602601;4091872.648228156;6692777.464384954;2600904.816156798;89166.21002818253;399879.0126602601;4091872.648228156;6692777.464384954;
16-Jan-2021;2604062.7801997107;89262.66908935185;400267.0524518375;4093658.6736529795;6697721.45385269;2604062.7801997107;89262.66908935185;400267.0524518375;4093658.6736529795;6697721.45385269;
16-Jan-2021;2607210.963277972;89358.8829852304;400653.8903920217;4095438.6511066775;6702649.61438465;2607210.963277972;89358.8829852304;400653.8903920217;4095438.6511066775;6702649.61438465;
16-Jan-2021;2610349.3749491675;89454.85070849313;401039.52765521605;4097212.6100353412;6707561.984984509;2610349.3749491675;89454.85070849313;401039.52765521605;4097212.6100353412;6707561.984984509;
16-Jan-2021;2613478.0257743835;89550.57129415247;401423.9655391305;4098980.5791942095;6712458.6049685925;2613478.0257743835;89550.57129415247;401423.9655391305;4098980.5791942095;6712458.6049685925;
16-Jan-2021;2616596.927265845;89646.04381907417;401807.20545834786;4100742.5866806954;6717339.51394654;2616596.927265845;89646.04381907417;401807.20545834786;4100742.5866806954;6717339.51394654;
16-Jan-2021;2619706.0918370043;89741.26740146184;402189.24893819063;4102498.659965818;6722204.751802823;2619706.0918370043;89741.26740146184;402189.24893819063;4102498.659965818;6722204.751802823;
17-Jan-2021;2622805.532754964;89836.24120031313;402570.0976088748;4104248.825924128;6727054.358679092;2622805.532754964;89836.24120031313;402570.0976088748;4104248.825924128;6727054.358679092;
17-Jan-2021;2625895.2640951243;89930.96441485093;402949.75319993723;4105993.110862185;6731888.37495731;2625895.2640951243;89930.96441485093;402949.75319993723;4105993.110862185;6731888.37495731;
17-Jan-2021;2628975.3006979576;90025.43628393214;403328.2175349244;4107731.54054567;6736706.841243628;2628975.3006979576;90025.43628393214;403328.2175349244;4107731.54054567;6736706.841243628;
17-Jan-2021;2632045.658127815;90119.65608543686;403705.4925263303;4109464.140225179;6741509.798352994;2632045.658127815;90119.65608543686;403705.4925263303;4109464.140225179;6741509.798352994;
17-Jan-2021;2635106.352633666;90213.62313564036;404081.58017077256;4111190.9346607747;6746297.28729444;2635106.352633666;90213.62313564036;404081.58017077256;4111190.9346607747;6746297.28729444;
17-Jan-2021;2638157.401111688;90307.33678857017;404456.48254439567;4112911.948145338;6751069.349257026;2638157.401111688;90307.33678857017;404456.48254439567;4112911.948145338;6751069.349257026;
18-Jan-2021;2641198.8210696215;90400.79643535054;404830.2017984906;4114627.2045267937;6755826.025596415;2641198.8210696215;90400.79643535054;404830.2017984906;4114627.2045267937;6755826.025596415;
18-Jan-2021;2644230.630592806;90494.00150353606;405202.74015532184;4116336.727229249;6760567.357822055;2644230.630592806;90494.00150353606;405202.74015532184;4116336.727229249;6760567.357822055;
18-Jan-2021;2647252.848311821;90586.95145643663;405574.0999041512;4118040.5392731014;6765293.387584922;2647252.848311821;90586.95145643663;405574.0999041512;4118040.5392731014;6765293.387584922;
18-Jan-2021;2650265.4933716655;90679.64579243519;405944.28339745046;4119738.6632941603;6770004.156665825;2650265.4933716655;90679.64579243519;405944.28339745046;4119738.6632941603;6770004.156665825;
18-Jan-2021;2653268.5854023932;90772.08404430008;406313.29304729326;4121431.121561837;6774699.706964229;2653268.5854023932;90772.08404430008;406313.29304729326;4121431.121561837;6774699.706964229;
18-Jan-2021;2656262.1444911472;90864.26577849341;406681.1313219189;4123117.9359964393;6779380.080487587;2656262.1444911472;90864.26577849341;406681.1313219189;4123117.9359964393;6779380.080487587;
19-Jan-2021;2659246.191155525;90956.19059447684;407047.8007424594;4124799.128185615;6784045.31934114;2659246.191155525;90956.19059447684;407047.8007424594;4124799.128185615;6784045.31934114;
19-Jan-2021;2662220.7463182136;91047.85812401604;407413.3038798228;4126474.7193999793;6788695.465718193;2662220.7463182136;91047.85812401604;407413.3038798228;4126474.7193999793;6788695.465718193;
19-Jan-2021;2665185.8312828364;91139.2680304852;407777.6433517252;4128144.7306079837;6793330.56189082;2665185.8312828364;91139.2680304852;407777.6433517252;4128144.7306079837;6793330.56189082;
19-Jan-2021;2668141.467710956;91230.42000817228;408140.8218198652;4129809.182490029;6797950.650200985;2668141.467710956;91230.42000817228;408140.8218198652;4129809.182490029;6797950.650200985;
19-Jan-2021;2671087.6776001803;91321.31378158656;408502.8419872334;4131468.0954518975;6802555.773052078;2671087.6776001803;91321.31378158656;408502.8419872334;4131468.0954518975;6802555.773052078;
19-Jan-2021;2674024.4832633194;91411.94910476895;408863.70659555134;4133121.489637502;6807145.972900821;2674024.4832633194;91411.94910476895;408863.70659555134;4133121.489637502;6807145.972900821;
20-Jan-2021;2676951.907308548;91502.3257606061;409223.4184228341;4134769.3849410056;6811721.292249554;2676951.907308548;91502.3257606061;409223.4184228341;4134769.3849410056;6811721.292249554;
20-Jan-2021;2679869.9726205235;91592.44356014919;409581.98028106976;4136411.8010183307;6816281.773638854;2679869.9726205235;91592.44356014919;409581.98028106976;4136411.8010183307;6816281.773638854;
20-Jan-2021;2682778.7023424148;91682.30234193793;409939.3950140117;4138048.757298098;6820827.459640512;2682778.7023424148;91682.30234193793;409939.3950140117;4138048.757298098;6820827.459640512;
20-Jan-2021;2685678.119858807;91771.90197133056;410295.66549507744;4139680.272992007;6825358.392850814;2685678.119858807;91771.90197133056;410295.66549507744;4139680.272992007;6825358.392850814;
20-Jan-2021;2688568.2487794315;91861.24233984032;410650.7946253498;4141306.367104703;6829874.615884135;2688568.2487794315;91861.24233984032;410650.7946253498;4141306.367104703;6829874.615884135;
20-Jan-2021;2691449.112923689;91950.32336447903;411004.78533167514;4142927.0584431356;6834376.171366825;2691449.112923689;91950.32336447903;411004.78533167514;4142927.0584431356;6834376.171366825;
21-Jan-2021;2694320.7363059307;92039.14498710827;411357.6405648545;4144542.365625447;6838863.101931378;2694320.7363059307;92039.14498710827;411357.6405648545;4144542.365625447;6838863.101931378;
21-Jan-2021;2697183.1431214535;92127.70717379847;411709.363297923;4146152.3070894126;6843335.4502108665;2697183.1431214535;92127.70717379847;411709.363297923;4146152.3070894126;6843335.4502108665;
21-Jan-2021;2700036.3577331873;92216.00991419639;412059.95652451395;4147756.9011004446;6847793.258833632;2700036.3577331873;92216.00991419639;412059.95652451395;4147756.9011004446;6847793.258833632;
21-Jan-2021;2702880.4046590338;92304.0532209014;412409.42325730296;4149356.1657591895;6852236.570418224;2702880.4046590338;92304.0532209014;412409.42325730296;4149356.1657591895;6852236.570418224;
21-Jan-2021;2705715.308559829;92391.83712885072;412757.76652652904;4150950.119008738;6856665.427568568;2705715.308559829;92391.83712885072;412757.76652652904;4150950.119008738;6856665.427568568;
21-Jan-2021;2708541.094227902;92479.36169471394;413104.98937858857;4152538.778641461;6861079.872869363;2708541.094227902;92479.36169471394;413104.98937858857;4152538.778641461;6861079.872869363;
22-Jan-2021;2711357.7865762007;92566.62699629711;413451.0948746991;4154122.1623054934;6865479.948881694;2711357.7865762007;92566.62699629711;413451.0948746991;4154122.1623054934;6865479.948881694;
22-Jan-2021;2714165.4106279565;92653.63313195661;413796.0860896295;4155700.2875108835;6869865.6981388405;2714165.4106279565;92653.63313195661;413796.0860896295;4155700.2875108835;6869865.6981388405;
22-Jan-2021;2716963.9915068652;92740.38022002277;414139.9661104934;4157273.171635422;6874237.163142286;2716963.9915068652;92740.38022002277;414139.9661104934;4157273.171635422;6874237.163142286;
22-Jan-2021;2719753.5544277597;92826.86839823368;414482.73803560296;4158840.831930166;6878594.386357926;2719753.5544277597;92826.86839823368;414482.73803560296;4158840.831930166;6878594.386357926;
22-Jan-2021;2722534.1246877485;92913.09782317907;414824.40497338015;4160403.2855246817;6882937.41021243;2722534.1246877485;92913.09782317907;414824.40497338015;4160403.2855246817;6882937.41021243;
22-Jan-2021;2725305.7276578024;92999.06866975442;415164.9700413229;4161960.5494319983;6887266.2770898;2725305.7276578024;92999.06866975442;415164.9700413229;4161960.5494319983;6887266.2770898;
23-Jan-2021;2728068.388774765;93084.78113062546;415504.43636502314;4163512.6405533142;6891581.029328079;2728068.388774765;93084.78113062546;415504.43636502314;4163512.6405533142;6891581.029328079;
23-Jan-2021;2730822.133533768;93170.23541570299;415842.8070772353;4165059.5756824454;6895881.709216213;2730822.133533768;93170.23541570299;415842.8070772353;4165059.5756824454;6895881.709216213;
23-Jan-2021;2733566.987481031;93255.431751628;416180.0853169914;4166601.371510047;6900168.358991079;2733566.987481031;93255.431751628;416180.0853169914;4166601.371510047;6900168.358991079;
23-Jan-2021;2736302.9762070337;93340.3703812673;416516.27422876155;4168138.044627598;6904441.020834632;2736302.9762070337;93340.3703812673;416516.27422876155;4168138.044627598;6904441.020834632;
23-Jan-2021;2739030.1253400315;93425.0515632195;416851.37696165807;4169669.6115311845;6908699.7368712155;2739030.1253400315;93425.0515632195;416851.37696165807;4169669.6115311845;6908699.7368712155;
23-Jan-2021;2741748.4605399095;93509.47557133125;417185.3966686796;4171196.0886250716;6912944.549164981;2741748.4605399095;93509.47557133125;417185.3966686796;4171196.0886250716;6912944.549164981;
24-Jan-2021;2744458.007492353;93593.64269422395;417518.3365059951;4172717.492225087;6917175.49971744;2744458.007492353;93593.64269422395;417518.3365059951;4172717.492225087;6917175.49971744;
24-Jan-2021;2747158.7919033193;93677.55323483063;417850.1996322643;4174233.8385618213;6921392.6304651415;2747158.7919033193;93677.55323483063;417850.1996322643;4174233.8385618213;6921392.6304651415;
24-Jan-2021;2749850.8394937986;93761.20750994304;418180.9892079944;4175745.1437836527;6925595.983277451;2749850.8394937986;93761.20750994304;418180.9892079944;4175745.1437836527;6925595.983277451;
24-Jan-2021;2752534.175994849;93844.6058497689;418510.7083949296;4177251.4239596054;6929785.599954454;2752534.175994849;93844.6058497689;418510.7083949296;4177251.4239596054;6929785.599954454;
24-Jan-2021;2755208.827142894;93927.74859749916;418839.3603554733;4178752.6950820563;6933961.52222495;2755208.827142894;93927.74859749916;418839.3603554733;4178752.6950820563;6933961.52222495;
24-Jan-2021;2757874.8186752666;94010.63610888527;419166.9482521407;4180248.9730692864;6938123.7917445535;2757874.8186752666;94010.63610888527;419166.9482521407;4180248.9730692864;6938123.7917445535;
25-Jan-2021;2760532.176325992;94093.26875182624;419493.4752470406;4181740.273767896;6942272.450093889;2760532.176325992;94093.26875182624;419493.4752470406;4181740.273767896;6942272.450093889;
25-Jan-2021;2763180.925821795;94175.64690596545;419818.9445013847;4183226.612955081;6946407.538776876;2763180.925821795;94175.64690596545;419818.9445013847;4183226.612955081;6946407.538776876;
25-Jan-2021;2765821.092878321;94257.77096229709;420143.3591750233;4184708.006340783;6950529.099219105;2765821.092878321;94257.77096229709;420143.3591750233;4184708.006340783;6950529.099219105;
25-Jan-2021;2768452.7031965633;94339.64132278213;420466.7224260063;4186184.469569726;6954637.17276629;2768452.7031965633;94339.64132278213;420466.7224260063;4186184.469569726;6954637.17276629;
25-Jan-2021;2771075.782459483;94421.25839997365;420789.0374101679;4187656.0182233243;6958731.800682806;2771075.782459483;94421.25839997365;420789.0374101679;4187656.0182233243;6958731.800682806;
25-Jan-2021;2773690.3563288157;94502.6226166514;421110.30728073424;4189122.667821493;6962813.024150309;2773690.3563288157;94502.6226166514;421110.30728073424;4189122.667821493;6962813.024150309;
26-Jan-2021;2776296.4504420515;94583.73440546542;421430.5351879521;4190584.433824351;6966880.884266403;2776296.4504420515;94583.73440546542;421430.5351879521;4190584.433824351;6966880.884266403;
26-Jan-2021;2778894.090409585;94664.59420858878;421749.72427873896;4192041.3316338263;6970935.422043411;2778894.090409585;94664.59420858878;421749.72427873896;4192041.3316338263;6970935.422043411;
26-Jan-2021;2781483.301812022;94745.20247737897;422067.87769635196;4193493.376595168;6974976.67840719;2781483.301812022;94745.20247737897;422067.87769635196;4193493.376595168;6974976.67840719;
26-Jan-2021;2784064.1101976414;94825.55967204808;422384.998580076;4194940.583998375;6979004.694196016;2784064.1101976414;94825.55967204808;422384.998580076;4194940.583998375;6979004.694196016;
26-Jan-2021;2786636.541079997;94905.66626134148;422701.090064929;4196382.96907953;6983019.510159527;2786636.541079997;94905.66626134148;422701.090064929;4196382.96907953;6983019.510159527;
26-Jan-2021;2789200.6199356583;94985.52272222485;423016.1552813845;4197820.547022072;6987021.16695773;2789200.6199356583;94985.52272222485;423016.1552813845;4197820.547022072;6987021.16695773;
27-Jan-2021;2791756.3722020816;95065.12953957949;423330.19735510985;4199253.332957976;6991009.705160056;2791756.3722020816;95065.12953957949;423330.19735510985;4199253.332957976;6991009.705160056;
27-Jan-2021;2794303.823275605;95144.48720590568;423643.2194067201;4200681.3419688735;6994985.165244479;2794303.823275605;95144.48720590568;423643.2194067201;4200681.3419688735;6994985.165244479;
27-Jan-2021;2796842.998509561;95223.596221034;423955.22455154563;4202104.589087104;6998947.587596666;2796842.998509561;95223.596221034;423955.22455154563;4202104.589087104;6998947.587596666;
27-Jan-2021;2799373.9232125;95302.45709184432;424266.2158994144;4203523.0892967;7002897.0125092;2799373.9232125;95302.45709184432;424266.2158994144;4203523.0892967;7002897.0125092;
27-Jan-2021;2801896.62264652;95381.07033199258;424576.1965544464;4204936.857534311;7006833.480180832;2801896.62264652;95381.07033199258;424576.1965544464;4204936.857534311;7006833.480180832;
27-Jan-2021;2804411.1220257008;95459.43646164483;424885.1696148613;4206345.908690077;7010757.030715778;2804411.1220257008;95459.43646164483;424885.1696148613;4206345.908690077;7010757.030715778;
28-Jan-2021;2806917.4465146298;95537.55600721877;425193.1381727973;4207750.257608444;7014667.704123074;2806917.4465146298;95537.55600721877;425193.1381727973;4207750.257608444;7014667.704123074;
28-Jan-2021;2809415.6212270213;95615.42950113227;425500.1053141414;4209149.91908893;7018565.540315951;2809415.6212270213;95615.42950113227;425500.1053141414;4209149.91908893;7018565.540315951;
28-Jan-2021;2811905.671224421;95693.05748155908;425806.0741183704;4210544.9078868395;7022450.57911126;2811905.671224421;95693.05748155908;425806.0741183704;4210544.9078868395;7022450.57911126;
28-Jan-2021;2814387.6215149947;95770.44049219125;426111.04765840207;4211935.238713936;7026322.860228931;2814387.6215149947;95770.44049219125;426111.04765840207;4211935.238713936;7026322.860228931;
28-Jan-2021;2816861.4970523925;95847.57908200826;426415.0290004553;4213320.926239077;7030182.423291469;2816861.4970523925;95847.57908200826;426415.0290004553;4213320.926239077;7030182.423291469;
28-Jan-2021;2819327.3227346903;95924.47380505281;426718.02120392025;4214701.985088795;7034029.307823485;2819327.3227346903;95924.47380505281;426718.02120392025;4214701.985088795;7034029.307823485;
29-Jan-2021;2821785.123403399;96001.12522021291;427020.02732123656;4216078.429847851;7037863.553251251;2821785.123403399;96001.12522021291;427020.02732123656;4216078.429847851;7037863.553251251;
29-Jan-2021;2824234.92384254;96077.53389101027;427321.05039777985;4217450.275059754;7041685.198902294;2824234.92384254;96077.53389101027;427321.05039777985;4217450.275059754;7041685.198902294;
29-Jan-2021;2826676.7487777877;96153.7003853948;427621.09347175615;4218817.535227234;7045494.284005021;2826676.7487777877;96153.7003853948;427621.09347175615;4218817.535227234;7045494.284005021;
29-Jan-2021;2829110.6228756686;96229.62527554507;427920.1595741036;4220180.224812691;7049290.847688359;2829110.6228756686;96229.62527554507;427920.1595741036;4220180.224812691;7049290.847688359;
29-Jan-2021;2831536.5707428176;96305.3091376746;428218.2517284012;4221538.358238623;7053074.92898144;2831536.5707428176;96305.3091376746;428218.2517284012;4221538.358238623;7053074.92898144;
29-Jan-2021;2833954.6169252913;96380.75255184388;428515.3729507842;4222891.949888007;7056846.5668132985;2833954.6169252913;96380.75255184388;428515.3729507842;4222891.949888007;7056846.5668132985;
30-Jan-2021;2836364.785907929;96455.95610177786;428811.5262498656;4224241.014104663;7060605.800012592;2836364.785907929;96455.95610177786;428811.5262498656;4224241.014104663;7060605.800012592;
30-Jan-2021;2838767.102113763;96530.92037468893;429106.71462666395;4225585.565193599;7064352.667307362;2838767.102113763;96530.92037468893;429106.71462666395;4225585.565193599;7064352.667307362;
30-Jan-2021;2841161.589903478;96605.64596110513;429400.9410745366;4226925.617421315;7068087.207324793;2841161.589903478;96605.64596110513;429400.9410745366;4226925.617421315;7068087.207324793;
30-Jan-2021;2843548.2735749097;96680.13345470354;429694.20857911825;4228261.185016107;7071809.458591017;2843548.2735749097;96680.13345470354;429694.20857911825;4228261.185016107;7071809.458591017;
30-Jan-2021;2845927.1773625873;96754.38345214869;429986.5201182648;4229592.282168328;7075519.459530916;2845927.1773625873;96754.38345214869;429986.5201182648;4229592.282168328;7075519.459530916;
30-Jan-2021;2848298.325437315;96828.39655293582;430277.8786620017;4230918.9230306465;7079217.248467961;2848298.325437315;96828.39655293582;430277.8786620017;4230918.9230306465;7079217.248467961;
31-Jan-2021;2850661.741905789;96902.17335923901;430568.28717247717;4232241.121718276;7082902.863624065;2850661.741905789;96902.17335923901;430568.28717247717;4232241.121718276;7082902.863624065;
31-Jan-2021;2853017.4508102513;96975.71447576377;430857.7486039194;4233558.892309194;7086576.343119445;2853017.4508102513;96975.71447576377;430857.7486039194;4233558.892309194;7086576.343119445;
31-Jan-2021;2855365.4761281754;97049.0205096044;431146.26590259816;4234872.2488443395;7090237.724972514;2855365.4761281754;97049.0205096044;431146.26590259816;4234872.2488443395;7090237.724972514;
31-Jan-2021;2857705.8417719845;97122.09207010547;431433.8420067899;4236181.205327799;7093887.047099783;2857705.8417719845;97122.09207010547;431433.8420067899;4236181.205327799;7093887.047099783;
31-Jan-2021;2860038.5715887975;97194.92976872792;431720.47984674695;4237485.775726976;7097524.347315773;2860038.5715887975;97194.92976872792;431720.47984674695;4237485.775726976;7097524.347315773;
31-Jan-2021;2862363.6893602046;97267.53421891898;432006.18234466953;4238785.97397275;7101149.663332954;2862363.6893602046;97267.53421891898;432006.18234466953;4238785.97397275;7101149.663332954;
01-Feb-2021;2864681.2188020702;97339.90603598648;432290.95241468167;4240081.813959617;7104763.032761688;2864681.2188020702;97339.90603598648;432290.95241468167;4240081.813959617;7104763.032761688;
01-Feb-2021;2866991.183564358;97412.04583697683;432574.7929628098;4241373.309545832;7108364.493110189;2866991.183564358;97412.04583697683;432574.7929628098;4241373.309545832;7108364.493110189;
01-Feb-2021;2869293.607230981;97483.9542405571;432857.7068869643;4242660.474553519;7111954.081784499;2869293.607230981;97483.9542405571;432857.7068869643;4242660.474553519;7111954.081784499;
01-Feb-2021;2871588.513319676;97555.6318669006;433139.697076924;4243943.322768793;7115531.836088469;2871588.513319676;97555.6318669006;433139.697076924;4243943.322768793;7115531.836088469;
01-Feb-2021;2873875.925281895;97627.07933757635;433420.766414323;4245221.86794186;7119097.793223755;2873875.925281895;97627.07933757635;433420.766414323;4245221.86794186;7119097.793223755;
01-Feb-2021;2876155.8665027204;97698.29727544184;433700.91777263995;4246496.123787112;7122651.9902898315;2876155.8665027204;97698.29727544184;433700.91777263995;4246496.123787112;7122651.9902898315;
02-Feb-2021;2878428.3603007966;97769.28630453945;433980.15401718987;4247766.10398321;7126194.464284007;2878428.3603007966;97769.28630453945;433980.15401718987;4247766.10398321;7126194.464284007;
02-Feb-2021;2880693.4299282795;97840.04704999602;434258.4780051179;4249031.82217317;7129725.252101449;2880693.4299282795;97840.04704999602;434258.4780051179;4249031.82217317;7129725.252101449;
02-Feb-2021;2882951.0985708027;97910.58013792585;434535.89258539525;4250293.291964425;7133244.390535228;2882951.0985708027;97910.58013792585;434535.89258539525;4250293.291964425;7133244.390535228;
02-Feb-2021;2885201.38934746;97980.88619533672;434812.40059881686;4251550.526928903;7136751.916276363;2885201.38934746;97980.88619533672;434812.40059881686;4251550.526928903;7136751.916276363;
02-Feb-2021;2887444.325310802;98050.96585003904;435088.0048780011;4252803.540603075;7140247.865913876;2887444.325310802;98050.96585003904;435088.0048780011;4252803.540603075;7140247.865913876;
02-Feb-2021;2889679.9294468476;98120.81973055801;435362.70824739116;4254052.346488017;7143732.275934864;2889679.9294468476;98120.81973055801;435362.70824739116;4254052.346488017;7143732.275934864;
03-Feb-2021;2891908.2246751054;98190.4484660486;435636.5135232576;4255296.958049455;7147205.182724561;2891908.2246751054;98190.4484660486;435636.5135232576;4255296.958049455;7147205.182724561;
03-Feb-2021;2894129.233848612;98259.85268621342;435909.4235137033;4256537.388717814;7150666.622566425;2894129.233848612;98259.85268621342;435909.4235137033;4256537.388717814;7150666.622566425;
03-Feb-2021;2896342.979753977;98329.03302122324;436181.44101866864;4257773.651888253;7154116.63164223;2896342.979753977;98329.03302122324;436181.44101866864;4257773.651888253;7154116.63164223;
03-Feb-2021;2898549.4851114443;98397.99010164026;436452.5688299392;4259005.760920708;7157555.246032151;2898549.4851114443;98397.99010164026;436452.5688299392;4259005.760920708;7157555.246032151;
03-Feb-2021;2900748.772574956;98466.7245583439;436722.8097311537;4260233.729139919;7160982.501714875;2900748.772574956;98466.7245583439;436722.8097311537;4260233.729139919;7160982.501714875;
03-Feb-2021;2902940.8647322333;98535.23702245911;436992.166497814;4261457.569835466;7164398.4345677;2902940.8647322333;98535.23702245911;436992.166497814;4261457.569835466;7164398.4345677;
04-Feb-2021;2905125.7841048613;98603.52812528702;437260.64189729514;4262677.296261795;7167803.080366656;2905125.7841048613;98603.52812528702;437260.64189729514;4262677.296261795;7167803.080366656;
04-Feb-2021;2907303.553148385;98671.59849823809;437528.23868885747;4263892.921638237;7171196.474786622;2907303.553148385;98671.59849823809;437528.23868885747;4263892.921638237;7171196.474786622;
04-Feb-2021;2909474.1942524104;98739.44877276746;437794.95962365903;4265104.459149039;7174578.653401449;2909474.1942524104;98739.44877276746;437794.95962365903;4265104.459149039;7174578.653401449;
04-Feb-2021;2911637.729740715;98807.07958031251;438060.8074447691;4266311.9219433805;7177949.651684096;2911637.729740715;98807.07958031251;438060.8074447691;4266311.9219433805;7177949.651684096;
04-Feb-2021;2913794.1818713644;98874.49155223262;438325.7848871823;4267515.323135393;7181309.505006758;2913794.1818713644;98874.49155223262;438325.7848871823;4267515.323135393;7181309.505006758;
04-Feb-2021;2915943.572836834;98941.68531975096;438589.89467783395;4268714.6758041745;7184658.2486410085;2915943.572836834;98941.68531975096;438589.89467783395;4268714.6758041745;7184658.2486410085;
05-Feb-2021;2918085.924764138;99008.66151389838;438853.13953561574;4269909.992993812;7187995.91775795;2918085.924764138;99008.66151389838;438853.13953561574;4269909.992993812;7187995.91775795;
05-Feb-2021;2920221.259714965;99075.42076545912;439115.5221713922;4271101.287713389;7191322.547428354;2920221.259714965;99075.42076545912;439115.5221713922;4271101.287713389;7191322.547428354;
05-Feb-2021;2922349.599685813;99141.96370491863;439377.0452880177;4272288.572937005;7194638.1726228185;2922349.599685813;99141.96370491863;439377.0452880177;4272288.572937005;7194638.1726228185;
05-Feb-2021;2924470.9666081374;99208.29096241306;439637.71158035425;4273471.861603786;7197942.828211923;2924470.9666081374;99208.29096241306;439637.71158035425;4273471.861603786;7197942.828211923;
05-Feb-2021;2926585.382348497;99274.40316768059;439897.52373528946;4274651.1666178955;7201236.548966392;2926585.382348497;99274.40316768059;439897.52373528946;4274651.1666178955;7201236.548966392;
05-Feb-2021;2928692.868708705;99340.30095001457;440156.4844317555;4275826.500848548;7204519.369557252;2928692.868708705;99340.30095001457;440156.4844317555;4275826.500848548;7204519.369557252;
06-Feb-2021;2930793.447425986;99405.9849382182;440414.59634074796;4276997.877130024;7207791.32455601;2930793.447425986;99405.9849382182;440414.59634074796;4276997.877130024;7207791.32455601;
06-Feb-2021;2932887.1401731353;99471.45576056096;440671.86212534556;4278165.308261676;7211052.44843481;2932887.1401731353;99471.45576056096;440671.86212534556;4278165.308261676;7211052.44843481;
06-Feb-2021;2934973.96855868;99536.71404473657;440928.28444073;4279328.80700794;7214302.77556662;2934973.96855868;99536.71404473657;440928.28444073;4279328.80700794;7214302.77556662;
06-Feb-2021;2937053.954127043;99601.76041782246;441183.8659342062;4280488.386098354;7217542.340225398;2937053.954127043;99601.76041782246;441183.8659342062;4280488.386098354;7217542.340225398;
06-Feb-2021;2939127.1183587136;99666.59550624079;441438.6092452229;4281644.058227562;7220771.176586276;2939127.1183587136;99666.59550624079;441438.6092452229;4281644.058227562;7220771.176586276;
06-Feb-2021;2941193.4826704147;99731.2199357208;441692.5170053936;4282795.836055326;7223989.3187257415;2941193.4826704147;99731.2199357208;441692.5170053936;4282795.836055326;7223989.3187257415;
07-Feb-2021;2943253.068415276;99795.63433126267;441945.5918385176;4283943.732206544;7227196.800621821;2943253.068415276;99795.63433126267;441945.5918385176;4283943.732206544;7227196.800621821;
07-Feb-2021;2945305.8968830067;99859.83931710263;442197.8363606015;4285087.759271256;7230393.656154262;2945305.8968830067;99859.83931710263;442197.8363606015;4285087.759271256;7230393.656154262;
07-Feb-2021;2947351.9893000736;99923.83551667939;442449.25317988056;4286227.9298046585;7233579.919104732;2947351.9893000736;99923.83551667939;442449.25317988056;4286227.9298046585;7233579.919104732;
07-Feb-2021;2949391.3668298763;99987.62355260194;442699.84489684086;4287364.2563271215;7236755.623156998;2949391.3668298763;99987.62355260194;442699.84489684086;4287364.2563271215;7236755.623156998;
07-Feb-2021;2951424.050572926;100051.2040466184;442949.6141042408;4288496.751324198;7239920.801897124;2951424.050572926;100051.2040466184;442949.6141042408;4288496.751324198;7239920.801897124;
07-Feb-2021;2953450.061567026;100114.57761958618;443198.56338713353;4289625.427246642;7243075.4888136685;2953450.061567026;100114.57761958618;443198.56338713353;4289625.427246642;7243075.4888136685;
08-Feb-2021;2955469.4207874527;100177.74489144328;443446.6953228891;4290750.296510423;7246219.717297875;2955469.4207874527;100177.74489144328;443446.6953228891;4290750.296510423;7246219.717297875;
08-Feb-2021;2957482.1491471366;100240.70648118058;443694.01248121663;4291871.371496737;7249353.520643873;2957482.1491471366;100240.70648118058;443694.01248121663;4291871.371496737;7249353.520643873;
08-Feb-2021;2959488.2674968457;100303.46300681538;443940.51742418704;4292988.664552033;7252476.932048879;2959488.2674968457;100303.46300681538;443940.51742418704;4292988.664552033;7252476.932048879;
08-Feb-2021;2961487.7966253683;100366.01508536586;444186.2127062553;4294102.187988023;7255589.984613392;2961487.7966253683;100366.01508536586;444186.2127062553;4294102.187988023;7255589.984613392;
08-Feb-2021;2963480.757259697;100428.36333282657;444431.10087428323;4295211.954081705;7258692.7113414025;2963480.757259697;100428.36333282657;444431.10087428323;4295211.954081705;7258692.7113414025;
08-Feb-2021;2965467.170065213;100490.50836414492;444675.18446756195;4296317.975075379;7261785.145140592;2965467.170065213;100490.50836414492;444675.18446756195;4296317.975075379;7261785.145140592;
09-Feb-2021;2967447.0556458705;100552.45079319854;444918.4660178347;4297420.263176669;7264867.318822539;2967447.0556458705;100552.45079319854;444918.4660178347;4297420.263176669;7264867.318822539;
09-Feb-2021;2969420.434544381;100614.19123277372;445160.9480493195;4298518.830558548;7267939.265102929;2969420.434544381;100614.19123277372;445160.9480493195;4298518.830558548;7267939.265102929;
09-Feb-2021;2971387.3272424005;100675.73029454448;445402.63307873183;4299613.689359352;7271001.016601752;2971387.3272424005;100675.73029454448;445402.63307873183;4299613.689359352;7271001.016601752;
09-Feb-2021;2973347.7541607106;100737.06858905274;445643.52361530747;4300704.851682811;7274052.605843522;2973347.7541607106;100737.06858905274;445643.52361530747;4300704.851682811;7274052.605843522;
09-Feb-2021;2975301.735659407;100798.20672568912;445883.62216082506;4301792.329598074;7277094.06525748;2975301.735659407;100798.20672568912;445883.62216082506;4301792.329598074;7277094.06525748;
09-Feb-2021;2977249.292038082;100859.14531267468;446122.931209629;4302876.135139724;7280125.427177806;2977249.292038082;100859.14531267468;446122.931209629;4302876.135139724;7280125.427177806;
10-Feb-2021;2979190.4435360115;100919.88495704337;446361.453248652;4303956.280307819;7283146.723843831;2979190.4435360115;100919.88495704337;446361.453248652;4303956.280307819;7283146.723843831;
10-Feb-2021;2981125.2103323373;100980.42626462517;446599.1907574378;4305032.777067907;7286157.987400244;2981125.2103323373;100980.42626462517;446599.1907574378;4305032.777067907;7286157.987400244;
10-Feb-2021;2983053.612546252;101040.7698400301;446836.1462081638;4306105.637351061;7289159.249897313;2983053.612546252;101040.7698400301;446836.1462081638;4306105.637351061;7289159.249897313;
10-Feb-2021;2984975.670237183;101100.91628663277;447072.3220656637;4307174.873053908;7292150.543291092;2984975.670237183;101100.91628663277;447072.3220656637;4307174.873053908;7292150.543291092;
10-Feb-2021;2986891.4034049762;101160.8662065577;447307.7207874499;4308240.496038659;7295131.899443635;2986891.4034049762;101160.8662065577;447307.7207874499;4308240.496038659;7295131.899443635;
10-Feb-2021;2988800.831990078;101220.62020066525;447542.3448237361;4309302.518133136;7298103.350123215;2988800.831990078;101220.62020066525;447542.3448237361;4309302.518133136;7298103.350123215;
11-Feb-2021;2990703.975873719;101280.17886853822;447776.19661745976;4310360.951130818;7301064.927004537;2990703.975873719;101280.17886853822;447776.19661745976;4310360.951130818;7301064.927004537;
11-Feb-2021;2992600.8548780945;101339.542808469;448009.27860430424;4311415.806790857;7304016.661668952;2992600.8548780945;101339.542808469;448009.27860430424;4311415.806790857;7304016.661668952;
11-Feb-2021;2994491.4887665478;101398.7126174474;448241.5932127214;4312467.096838125;7306958.585604673;2994491.4887665478;101398.7126174474;448241.5932127214;4312467.096838125;7306958.585604673;
11-Feb-2021;2996375.8972437494;101457.68889114886;448473.1428639535;4313514.832963247;7309890.730206996;2996375.8972437494;101457.68889114886;448473.1428639535;4313514.832963247;7309890.730206996;
11-Feb-2021;2998254.0999558773;101516.47222392351;448703.9299720556;4314559.026822639;7312813.126778516;2998254.0999558773;101516.47222392351;448703.9299720556;4314559.026822639;7312813.126778516;
11-Feb-2021;3000126.1164907976;101575.06320878546;448933.9569439175;4315599.69003854;7315725.806529338;3000126.1164907976;101575.06320878546;448933.9569439175;4315599.69003854;7315725.806529338;
12-Feb-2021;3001991.9663782422;101633.46243740279;449163.2261792857;4316636.834199059;7318628.8005773015;3001991.9663782422;101633.46243740279;449163.2261792857;4316636.834199059;7318628.8005773015;
12-Feb-2021;3003851.6690899874;101691.67050008796;449391.7400707852;4317670.470858211;7321522.139948198;3003851.6690899874;101691.67050008796;449391.7400707852;4317670.470858211;7321522.139948198;
12-Feb-2021;3005705.2440400315;101749.68798578873;449619.50100394164;4318700.611535953;7324405.855575985;3005705.2440400315;101749.68798578873;449619.50100394164;4318700.611535953;7324405.855575985;
12-Feb-2021;3007552.710584771;101807.51548207949;449846.5113572026;4319727.267718238;7327279.978303009;3007552.710584771;101807.51548207949;449846.5113572026;4319727.267718238;7327279.978303009;
12-Feb-2021;3009394.088023177;101865.15357515312;450072.77350195945;4320750.450857045;7330144.5388802225;3009394.088023177;101865.15357515312;450072.77350195945;4320750.450857045;7330144.5388802225;
12-Feb-2021;3011229.3955969694;101922.60284981322;450298.2898025688;4321770.172370434;7332999.567967404;3011229.3955969694;101922.60284981322;450298.2898025688;4321770.172370434;7332999.567967404;
13-Feb-2021;3013058.652490793;101979.86388946677;450523.06261637394;4322786.44364258;7335845.096133373;3013058.652490793;101979.86388946677;450523.06261637394;4322786.44364258;7335845.096133373;
13-Feb-2021;3014881.8778323885;102036.93727611715;450747.0942937261;4323799.276023827;7338681.153856215;3014881.8778323885;102036.93727611715;450747.0942937261;4323799.276023827;7338681.153856215;
13-Feb-2021;3016699.090692768;102093.82359035767;450970.38717800577;4324808.680830734;7341507.771523502;3016699.090692768;102093.82359035767;450970.38717800577;4324808.680830734;7341507.771523502;
13-Feb-2021;3018510.3100863844;102150.52341136531;451192.9436056438;4325814.669346115;7344324.979432499;3018510.3100863844;102150.52341136531;451192.9436056438;4325814.669346115;7344324.979432499;
13-Feb-2021;3020315.5549713043;102207.03731689497;451414.76590614236;4326817.252819097;7347132.8077904;3020315.5549713043;102207.03731689497;451414.76590614236;4326817.252819097;7347132.8077904;
13-Feb-2021;3022114.844249377;102263.36588327397;451635.8564020958;4327816.442465165;7349931.286714542;3022114.844249377;102263.36588327397;451635.8564020958;4327816.442465165;7349931.286714542;
14-Feb-2021;3023908.1967664044;102319.50968539693;451856.2174092118;4328812.24946621;7352720.446232614;3023908.1967664044;102319.50968539693;451856.2174092118;4328812.24946621;7352720.446232614;
14-Feb-2021;3025695.63131231;102375.46929672096;452075.85123633157;4329804.684970585;7355500.316282895;3025695.63131231;102375.46929672096;452075.85123633157;4329804.684970585;7355500.316282895;
14-Feb-2021;3027477.166621307;102431.24528926115;452294.76018545096;4330793.760093154;7358270.926714461;3027477.166621307;102431.24528926115;452294.76018545096;4330793.760093154;7358270.926714461;
14-Feb-2021;3029252.821372062;102486.83823358643;452512.94655174064;4331779.485915344;7361032.307287406;3029252.821372062;102486.83823358643;452512.94655174064;4331779.485915344;7361032.307287406;
14-Feb-2021;3031022.6141878655;102542.24869881562;452730.4126235666;4332761.873485201;7363784.487673067;3031022.6141878655;102542.24869881562;452730.4126235666;4332761.873485201;7363784.487673067;
14-Feb-2021;3032786.5636367947;102597.47725261381;452947.16068251035;4333740.93381744;7366527.497454234;3032786.5636367947;102597.47725261381;452947.16068251035;4333740.93381744;7366527.497454234;
15-Feb-2021;3034544.688231878;102652.52446118908;453163.19300338946;4334716.677893507;7369261.366125385;3034544.688231878;102652.52446118908;453163.19300338946;4334716.677893507;7369261.366125385;
15-Feb-2021;3036297.0064312583;102707.39088928932;453378.5118542772;4335689.116661628;7371986.123092886;3036297.0064312583;102707.39088928932;453378.5118542772;4335689.116661628;7371986.123092886;
15-Feb-2021;3038043.5366383567;102762.07710019949;453593.11949652294;4336658.26103687;7374701.797675227;3038043.5366383567;102762.07710019949;453593.11949652294;4336658.26103687;7374701.797675227;
15-Feb-2021;3039784.2972020335;102816.58365573893;453807.0181847716;4337624.121901196;7377408.419103229;3039784.2972020335;102816.58365573893;453807.0181847716;4337624.121901196;7377408.419103229;
15-Feb-2021;3041519.3064167495;102870.91111625909;454020.2101669838;4338586.710103524;7380106.016520273;3041519.3064167495;102870.91111625909;454020.2101669838;4338586.710103524;7380106.016520273;
15-Feb-2021;3043248.582522726;102925.06004064136;454232.6976844554;4339546.036459784;7382794.618982511;3043248.582522726;102925.06004064136;454232.6976844554;4339546.036459784;7382794.618982511;
16-Feb-2021;3044972.1437061047;102979.03098629515;454444.48297183705;4340502.111752982;7385474.255459087;3044972.1437061047;102979.03098629515;454444.48297183705;4340502.111752982;7385474.255459087;
16-Feb-2021;3046690.008099105;103032.82450915624;454655.5682571538;4341454.946733253;7388144.954832358;3046690.008099105;103032.82450915624;454655.5682571538;4341454.946733253;7388144.954832358;
16-Feb-2021;3048402.193780184;103086.44116368517;454865.9557618243;4342404.552117929;7390806.745898113;3048402.193780184;103086.44116368517;454865.9557618243;4342404.552117929;7390806.745898113;
16-Feb-2021;3050108.71877419;103139.88150286606;455075.6477006803;4343350.938591594;7393459.657365784;3050108.71877419;103139.88150286606;455075.6477006803;4343350.938591594;7393459.657365784;
16-Feb-2021;3051809.6010525227;103193.1460782054;455284.6462819856;4344294.116806151;7396103.717858674;3051809.6010525227;103193.1460782054;455284.6462819856;4344294.116806151;7396103.717858674;
16-Feb-2021;3053504.858533285;103246.23543973119;455492.95370745537;4345234.097380882;7398738.955914168;3053504.858533285;103246.23543973119;455492.95370745537;4345234.097380882;7398738.955914168;
17-Feb-2021;3055194.50908144;103299.15013599207;455700.5721722749;4346170.890902509;7401365.399983949;3055194.50908144;103299.15013599207;455700.5721722749;4346170.890902509;7401365.399983949;
17-Feb-2021;3056878.570508963;103351.89071405682;455907.50386511866;4347104.507925265;7403983.078434227;3056878.570508963;103351.89071405682;455907.50386511866;4347104.507925265;7403983.078434227;
17-Feb-2021;3058557.060574996;103404.45771951388;456113.75096816913;4348034.958970946;7406592.019545943;3058557.060574996;103404.45771951388;456113.75096816913;4348034.958970946;7406592.019545943;
17-Feb-2021;3060229.9969859985;103456.85169647112;456319.31565713533;4348962.254528992;7409192.25151499;3060229.9969859985;103456.85169647112;456319.31565713533;4348962.254528992;7409192.25151499;
17-Feb-2021;3061897.3973959005;103509.0731875556;456524.2001012716;4349886.405056535;7411783.802452436;3061897.3973959005;103509.0731875556;456524.2001012716;4349886.405056535;7411783.802452436;
17-Feb-2021;3063559.2794062523;103561.12273391371;456728.4064633961;4350807.42097848;7414366.700384732;3063559.2794062523;103561.12273391371;456728.4064633961;4350807.42097848;7414366.700384732;
18-Feb-2021;3065215.660566374;103613.00087521128;456931.9368999091;4351725.312687558;7416940.973253932;3065215.660566374;103613.00087521128;456931.9368999091;4351725.312687558;7416940.973253932;
18-Feb-2021;3066866.5583735066;103664.70814963382;457134.79356081155;4352640.090544404;7419506.648917911;3066866.5583735066;103664.70814963382;457134.79356081155;4352640.090544404;7419506.648917911;
18-Feb-2021;3068511.990272958;103716.24509388699;457336.9785897231;4353551.76487762;7422063.755150578;3068511.990272958;103716.24509388699;457336.9785897231;4353551.76487762;7422063.755150578;
18-Feb-2021;3070151.9736582525;103767.6122431971;457538.4941239004;4354460.345983839;7424612.319642091;3070151.9736582525;103767.6122431971;457538.4941239004;4354460.345983839;7424612.319642091;
18-Feb-2021;3071786.5258712787;103818.81013131182;457739.34229425516;4355365.844127798;7427152.369999077;3071786.5258712787;103818.81013131182;457739.34229425516;4355365.844127798;7427152.369999077;
18-Feb-2021;3073415.6642024335;103869.8392905009;457939.52522537205;4356268.269542405;7429683.933744838;3073415.6642024335;103869.8392905009;457939.52522537205;4356268.269542405;7429683.933744838;
19-Feb-2021;3075039.40589077;103920.70025155706;458139.04503552685;4357167.632428806;7432207.038319576;3075039.40589077;103920.70025155706;458139.04503552685;4357167.632428806;7432207.038319576;
19-Feb-2021;3076657.7681241403;103971.393543797;458337.9038367039;4358063.94295646;7434721.7110806;3076657.7681241403;103971.393543797;458337.9038367039;4358063.94295646;7434721.7110806;
19-Feb-2021;3078270.768039343;104021.91969506249;458536.1037346142;4358957.211263198;7437227.979302541;3078270.768039343;104021.91969506249;458536.1037346142;4358957.211263198;7437227.979302541;
19-Feb-2021;3079878.4227222637;104072.2792317215;458733.64682871284;4359847.447455309;7439725.870177573;3079878.4227222637;104072.2792317215;458733.64682871284;4359847.447455309;7439725.870177573;
19-Feb-2021;3081480.7492080205;104122.47267866955;458930.5352122166;4360734.661607596;7442215.410815617;3081480.7492080205;104122.47267866955;458930.5352122166;4360734.661607596;7442215.410815617;
19-Feb-2021;3083077.7644811044;104172.50055933105;459126.77097212157;4361618.863763453;7444696.628244558;3083077.7644811044;104172.50055933105;459126.77097212157;4361618.863763453;7444696.628244558;
20-Feb-2021;3084669.485475523;104222.36339566074;459322.35618922045;4362500.063934937;7447169.5494104605;3084669.485475523;104222.36339566074;459322.35618922045;4362500.063934937;7447169.5494104605;
20-Feb-2021;3086255.9290749393;104272.06170814527;459517.2929381199;4363378.272102838;7449634.201177778;3086255.9290749393;104272.06170814527;459517.2929381199;4363378.272102838;7449634.201177778;
20-Feb-2021;3087837.1121128146;104321.59601580477;459711.58328725793;4364253.498216749;7452090.610329564;3087837.1121128146;104321.59601580477;459711.58328725793;4364253.498216749;7452090.610329564;
20-Feb-2021;3089413.0513725467;104370.96683619458;459905.22929892095;4365125.752195142;7454538.803567689;3089413.0513725467;104370.96683619458;459905.22929892095;4365125.752195142;7454538.803567689;
20-Feb-2021;3090983.7635876103;104420.17468540702;460098.2330292608;4365995.043925437;7456978.807513047;3090983.7635876103;104420.17468540702;460098.2330292608;4365995.043925437;7456978.807513047;
20-Feb-2021;3092549.2654416943;104469.22007807322;460290.59652831213;4366861.383264077;7459410.648705771;3092549.2654416943;104469.22007807322;460290.59652831213;4366861.383264077;7459410.648705771;
21-Feb-2021;3094109.5735688414;104518.10352736502;460482.32184000895;4367724.780036599;7461834.353605441;3094109.5735688414;104518.10352736502;460482.32184000895;4367724.780036599;7461834.353605441;
21-Feb-2021;3095664.7045535846;104566.82554499694;460673.4110022018;4368585.244037711;7464249.948591296;3095664.7045535846;104566.82554499694;460673.4110022018;4368585.244037711;7464249.948591296;
21-Feb-2021;3097214.6749310843;104615.38664122825;460863.8660466745;4369442.785031358;7466657.4599624425;3097214.6749310843;104615.38664122825;460863.8660466745;4369442.785031358;7466657.4599624425;
21-Feb-2021;3098759.5011872645;104663.78732486501;461053.6889991609;4370297.412750807;7469056.913938071;3098759.5011872645;104663.78732486501;461053.6889991609;4370297.412750807;7469056.913938071;
21-Feb-2021;3100299.199758949;104712.02810326229;461242.8818793615;4371149.136898706;7471448.336657655;3100299.199758949;104712.02810326229;461242.8818793615;4371149.136898706;7471448.336657655;
21-Feb-2021;3101833.7870339975;104760.1094823263;461431.4467009603;4371997.967147173;7473831.754181171;3101833.7870339975;104760.1094823263;461431.4467009603;4371997.967147173;7473831.754181171;
22-Feb-2021;3103363.279351437;104808.0319665167;461619.3854716409;4372843.913137864;7476207.192489301;3103363.279351437;104808.0319665167;461619.3854716409;4372843.913137864;7476207.192489301;
22-Feb-2021;3104887.6930016004;104855.79605884894;461806.7001931035;4373686.984482043;7478574.677483643;3104887.6930016004;104855.79605884894;461806.7001931035;4373686.984482043;7478574.677483643;
22-Feb-2021;3106407.044226256;104903.40226089649;461993.39286108105;4374527.190760663;7480934.234986919;3106407.044226256;104903.40226089649;461993.39286108105;4374527.190760663;7480934.234986919;
22-Feb-2021;3107921.3492187443;104950.85107279339;462179.4654653555;4375364.541524439;7483285.890743183;3107921.3492187443;104950.85107279339;462179.4654653555;4375364.541524439;7483285.890743183;
22-Feb-2021;3109430.6241241074;104998.14299323663;462364.9199897743;4376199.046293924;7485629.6704180315;3109430.6241241074;104998.14299323663;462364.9199897743;4376199.046293924;7485629.6704180315;
22-Feb-2021;3110934.885039223;105045.27851948862;462549.7584122666;4377030.714559585;7487965.599598807;3110934.885039223;105045.27851948862;462549.7584122666;4377030.714559585;7487965.599598807;
23-Feb-2021;3112434.1480129347;105092.25814737976;462733.98270485934;4377859.555781871;7490293.703794806;3112434.1480129347;105092.25814737976;462733.98270485934;4377859.555781871;7490293.703794806;
23-Feb-2021;3113928.4290461843;105139.082371311;462917.59483369335;4378685.579391302;7492614.008437485;3113928.4290461843;105139.082371311;462917.59483369335;4378685.579391302;7492614.008437485;
23-Feb-2021;3115417.744092142;105185.75168425642;463100.5967590394;4379508.794788529;7494926.538880671;3115417.744092142;105185.75168425642;463100.5967590394;4379508.794788529;7494926.538880671;
23-Feb-2021;3116902.1090563363;105232.26657776591;463282.99043531425;4380329.211344424;7497231.3204007605;3116902.1090563363;105232.26657776591;463282.99043531425;4380329.211344424;7497231.3204007605;
23-Feb-2021;3118381.5397967827;105278.62754196783;463464.7778110966;4381146.83840015;7499528.378196932;3118381.5397967827;105278.62754196783;463464.7778110966;4381146.83840015;7499528.378196932;
23-Feb-2021;3119856.0521241142;105324.83506557168;463645.9608291427;4381961.685267231;7501817.737391345;3119856.0521241142;105324.83506557168;463645.9608291427;4381961.685267231;7501817.737391345;
24-Feb-2021;3121325.6618017103;105370.88963587089;463826.54142640263;4382773.76122764;7504099.423029351;3121325.6618017103;105370.88963587089;463826.54142640263;4382773.76122764;7504099.423029351;
24-Feb-2021;3122790.384545823;105416.79173874555;464006.52153403556;4383583.075533868;7506373.46007969;3122790.384545823;105416.79173874555;464006.52153403556;4383583.075533868;7506373.46007969;
24-Feb-2021;3124250.2360257073;105462.54185866525;464185.9030774257;4384389.637408998;7508639.873434706;3124250.2360257073;105462.54185866525;464185.9030774257;4384389.637408998;7508639.873434706;
24-Feb-2021;3125705.2318637464;105508.14047869184;464364.68797619804;4385193.456046791;7510898.687910537;3125705.2318637464;105508.14047869184;464364.68797619804;4385193.456046791;7510898.687910537;
24-Feb-2021;3127155.38763558;105553.5880804823;464542.87814423366;4385994.540611752;7513149.928247332;3127155.38763558;105553.5880804823;464542.87814423366;4385994.540611752;7513149.928247332;
24-Feb-2021;3128600.718870229;105598.88514429162;464720.47548968554;4386792.900239214;7515393.619109443;3128600.718870229;105598.88514429162;464720.47548968554;4386792.900239214;7515393.619109443;
25-Feb-2021;3130041.2410502248;105644.03214897568;464897.48191499384;4387588.5440354105;7517629.785085635;3130041.2410502248;105644.03214897568;464897.48191499384;4387588.5440354105;7517629.785085635;
25-Feb-2021;3131476.9696117304;105689.02957199416;465073.89931690146;4388381.481077555;7519858.450689285;3131476.9696117304;105689.02957199416;465073.89931690146;4388381.481077555;7519858.450689285;
25-Feb-2021;3132907.919944669;105733.87788941352;465249.7295864694;4389171.720413915;7522079.640358584;3132907.919944669;105733.87788941352;465249.7295864694;4389171.720413915;7522079.640358584;
25-Feb-2021;3134334.107392848;105778.57757590986;465424.97460909205;4389959.271063891;7524293.378456739;3134334.107392848;105778.57757590986;465424.97460909205;4389959.271063891;7524293.378456739;
25-Feb-2021;3135755.5472540823;105823.12910477197;465599.63626451243;4390744.142018095;7526499.6892721765;3135755.5472540823;105823.12910477197;465599.63626451243;4390744.142018095;7526499.6892721765;
25-Feb-2021;3137172.254780319;105867.5329479043;465773.71642683755;4391526.342238421;7528698.59701874;3137172.254780319;105867.5329479043;465773.71642683755;4391526.342238421;7528698.59701874;
26-Feb-2021;3138584.2451777617;105911.78957582996;465947.2169645535;4392305.880658129;7530890.125835891;3138584.2451777617;105911.78957582996;465947.2169645535;4392305.880658129;7530890.125835891;
26-Feb-2021;3139991.533606992;105955.89945769373;466120.1397405406;4393082.766181919;7533074.299788911;3139991.533606992;105955.89945769373;466120.1397405406;4393082.766181919;7533074.299788911;
26-Feb-2021;3141394.1351830936;105999.86306126512;466292.48661208845;4393857.007686007;7535251.1428691;3141394.1351830936;105999.86306126512;466292.48661208845;4393857.007686007;7535251.1428691;
26-Feb-2021;3142792.064975774;106043.6808529414;466464.2594309111;4394628.614018204;7537420.678993978;3142792.064975774;106043.6808529414;466464.2594309111;4394628.614018204;7537420.678993978;
26-Feb-2021;3144185.338009487;106087.35329775068;466635.4600431618;4395397.593997988;7539582.932007475;3144185.338009487;106087.35329775068;466635.4600431618;4395397.593997988;7539582.932007475;
26-Feb-2021;3145573.9692635536;106130.88085935498;466806.0902894483;4396163.956416594;7541737.9256801475;3145573.9692635536;106130.88085935498;466806.0902894483;4396163.956416594;7541737.9256801475;
27-Feb-2021;3146957.973672284;106174.26400005327;466976.15200484724;4396927.710037075;7543885.683709359;3146957.973672284;106174.26400005327;466976.15200484724;4396927.710037075;7543885.683709359;
27-Feb-2021;3148337.366125098;106217.50318078467;467145.6470189196;4397688.863594386;7546026.229719484;3148337.366125098;106217.50318078467;467145.6470189196;4397688.863594386;7546026.229719484;
27-Feb-2021;3149712.161466646;106260.59886113145;467314.57715572504;4398447.425795468;7548159.587262114;3149712.161466646;106260.59886113145;467314.57715572504;4398447.425795468;7548159.587262114;
27-Feb-2021;3151082.374496929;106303.55149932223;467482.94423383696;4399203.405319308;7550285.779816236;3151082.374496929;106303.55149932223;467482.94423383696;4399203.405319308;7550285.779816236;
27-Feb-2021;3152448.0199714177;106346.36155223506;467650.750066357;4399956.810817034;7552404.830788451;3152448.0199714177;106346.36155223506;467650.750066357;4399956.810817034;7552404.830788451;
27-Feb-2021;3153809.112601173;106389.02947540054;467817.9964609299;4400707.650911982;7554516.763513155;3153809.112601173;106389.02947540054;467817.9964609299;4400707.650911982;7554516.763513155;
28-Feb-2021;3155165.667052965;106431.55572300503;467984.685219758;4401455.934199776;7556621.60125274;3155165.667052965;106431.55572300503;467984.685219758;4401455.934199776;7556621.60125274;
28-Feb-2021;3156517.697949391;106473.94074789372;468150.81813961593;4402201.669248398;7558719.367197789;3156517.697949391;106473.94074789372;468150.81813961593;4402201.669248398;7558719.367197789;
28-Feb-2021;3157865.219868994;106516.18500157383;468316.39701186505;4402944.864598283;7560810.084467276;3157865.219868994;106516.18500157383;468316.39701186505;4402944.864598283;7560810.084467276;
28-Feb-2021;3159208.247346382;106558.28893421778;468481.4236224682;4403685.528762368;7562893.77610875;3159208.247346382;106558.28893421778;468481.4236224682;4403685.528762368;7562893.77610875;
28-Feb-2021;3160546.794872345;106600.25299466631;468645.89975200384;4404423.670226198;7564970.465098542;3160546.794872345;106600.25299466631;468645.89975200384;4404423.670226198;7564970.465098542;
28-Feb-2021;3161880.8768939716;106642.0776304317;468809.8271756808;4405159.297447981;7567040.174341952;3161880.8768939716;106642.0776304317;468809.8271756808;4405159.297447981;7567040.174341952;
01-Mar-2021;3163210.507814768;106683.76328770092;468973.2076633524;4405892.418858675;7569102.926673443;3163210.507814768;106683.76328770092;468973.2076633524;4405892.418858675;7569102.926673443;
01-Mar-2021;3164535.732860203;106725.31041870457;469136.04677216936;4406924.55347126;7571460.286331463;3164535.732860203;106725.31041870457;469136.04677216936;4406924.55347126;7571460.286331463;
01-Mar-2021;3165856.686935825;106766.71954467426;469298.3610788627;4408016.847588129;7573873.534523955;3165856.686935825;106766.71954467426;469298.3610788627;4408016.847588129;7573873.534523955;
01-Mar-2021;3167173.5585097848;106807.99132688066;469460.1737417524;4409107.294256889;7576280.852766674;3167173.5585097848;106807.99132688066;469460.1737417524;4409107.294256889;7576280.852766674;
01-Mar-2021;3168486.5256004045;106849.1265745395;469621.50663511944;4410195.830826111;7578682.356426516;3168486.5256004045;106849.1265745395;469621.50663511944;4410195.830826111;7578682.356426516;
01-Mar-2021;3169795.756137339;106890.12623030302;469782.38039358385;4411282.4016353525;7581078.157772692;3169795.756137339;106890.12623030302;469782.38039358385;4411282.4016353525;7581078.157772692;
02-Mar-2021;3171101.408475874;106930.99135679269;469942.81447530014;4412366.955720396;7583468.36419627;3171101.408475874;106930.99135679269;469942.81447530014;4412366.955720396;7583468.36419627;
02-Mar-2021;3172403.6318864306;106971.72312403766;470102.8272221057;4413449.446541978;7585853.078428409;3172403.6318864306;106971.72312403766;470102.8272221057;4413449.446541978;7585853.078428409;
02-Mar-2021;3173702.567020427;107012.32279776692;470262.4359167645;4414529.831728496;7588232.398748923;3173702.567020427;107012.32279776692;470262.4359167645;4414529.831728496;7588232.398748923;
02-Mar-2021;3174998.346353611;107052.79172850565;470421.656837442;4415608.072831902;7590606.419185513;3174998.346353611;107052.79172850565;470421.656837442;4415608.072831902;7590606.419185513;
02-Mar-2021;3176291.094607912;107093.13134142909;470580.50530954124;4416684.135096191;7592975.229704103;3176291.094607912;107093.13134142909;470580.50530954124;4416684.135096191;7592975.229704103;
02-Mar-2021;3177580.929152824;107133.34312692985;470738.99575502315;4417757.987237844;7595338.916390668;3177580.929152824;107133.34312692985;470738.99575502315;4417757.987237844;7595338.916390668;
03-Mar-2021;3178867.960387281;107173.42863185651;470897.1417393301;4418829.601237656;7597697.561624937;3178867.960387281;107173.42863185651;470897.1417393301;4418829.601237656;7597697.561624937;
03-Mar-2021;3180152.292102939;107213.38945138424;471054.9560160248;4419898.952143404;7600051.244246342;3180152.292102939;107213.38945138424;471054.9560160248;4419898.952143404;7600051.244246342;
03-Mar-2021;3181434.0218297397;107253.2272214795;471212.4505692521;4420966.017882798;7602400.039712537;3181434.0218297397;107253.2272214795;471212.4505692521;4420966.017882798;7602400.039712537;
03-Mar-2021;3182713.2411645926;107292.94361192374;471369.63665412605;4422030.77908625;7604744.020250842;3182713.2411645926;107292.94361192374;471369.63665412605;4422030.77908625;7604744.020250842;
03-Mar-2021;3183990.036083968;107332.54031986231;471526.52483514044;4423093.218918952;7607083.25500292;3183990.036083968;107332.54031986231;471526.52483514044;4423093.218918952;7607083.25500292;
03-Mar-2021;3185264.4872411597;107372.01906384685;471683.1250226955;4424153.32292182;7609417.810162979;3185264.4872411597;107372.01906384685;471683.1250226955;4424153.32292182;7609417.810162979;
04-Mar-2021;3186536.670248946;107411.38157834116;471839.4465078301;4425211.078860861;7611747.749109807;3186536.670248946;107411.38157834116;471839.4465078301;4425211.078860861;7611747.749109807;
04-Mar-2021;3187806.6559483344;107450.62960866226;471995.4979952442;4426266.476584568;7614073.132532902;3187806.6559483344;107450.62960866226;471995.4979952442;4426266.476584568;7614073.132532902;
04-Mar-2021;3189074.510664047;107489.76490632963;472151.28763469245;4427319.507888907;7616394.018552954;3189074.510664047;107489.76490632963;472151.28763469245;4427319.507888907;7616394.018552954;
04-Mar-2021;3190340.2964473865;107528.7892247974;472306.8230508258;4428370.166389574;7618710.462836961;3190340.2964473865;107528.7892247974;472306.8230508258;4428370.166389574;7618710.462836961;
04-Mar-2021;3191604.0713070617;107567.70431554555;472462.11137155566;4429418.447401119;7621022.518708181;3191604.0713070617;107567.70431554555;472462.11137155566;4429418.447401119;7621022.518708181;
04-Mar-2021;3192865.8894285657;107606.51192450737;472617.15925500955;4430464.3478226075;7623330.237251173;3192865.8894285657;107606.51192450737;472617.15925500955;4430464.3478226075;7623330.237251173;
05-Mar-2021;3194125.8013826343;107645.21378881195;472771.97291514603;4431507.866029517;7625633.667412151;3194125.8013826343;107645.21378881195;472771.97291514603;4431507.866029517;7625633.667412151;
05-Mar-2021;3195383.854323313;107683.8116338214;472926.5581460925;4432549.0017715255;7627932.856094838;3195383.854323313;107683.8116338214;472926.5581460925;4432549.0017715255;7627932.856094838;
05-Mar-2021;3196640.0921761263;107722.30717044386;473080.9203452668;4433587.756075911;7630227.848252038;3196640.0921761263;107722.30717044386;473080.9203452668;4433587.756075911;7630227.848252038;
05-Mar-2021;3197894.55581682;107760.70209270422;473235.06453534035;4434624.131156302;7632518.686973122;3197894.55581682;107760.70209270422;473235.06453534035;4434624.131156302;7632518.686973122;
05-Mar-2021;3199147.283241127;107798.99807555568;473388.99538509856;4435658.130326455;7634805.413567583;3199147.283241127;107798.99807555568;473388.99538509856;4435658.130326455;7634805.413567583;
05-Mar-2021;3200398.3097259905;107837.1967729161;473542.71722925117;4436689.757918882;7637088.067644873;3200398.3097259905;107837.1967729161;473542.71722925117;4436689.757918882;7637088.067644873;
06-Mar-2021;3201647.667982645;107875.29981591404;473696.23408724257;4437719.019208015;7639366.68719066;3201647.667982645;107875.29981591404;473696.23408724257;4437719.019208015;7639366.68719066;
06-Mar-2021;3202895.3883019555;107913.30881133038;473849.54968111037;4438745.920337718;7641641.3086396735;3202895.3883019555;107913.30881133038;473849.54968111037;4438745.920337718;7641641.3086396735;
06-Mar-2021;3204141.4986923803;107951.2253402219;474002.6674524378;4439770.468252909;7643911.96694529;3204141.4986923803;107951.2253402219;474002.6674524378;4439770.468252909;7643911.96694529;
06-Mar-2021;3205386.0250109136;107989.0509567145;474155.59057844366;4440792.670635101;7646178.695646015;3205386.0250109136;107989.0509567145;474155.59057844366;4440792.670635101;7646178.695646015;
06-Mar-2021;3206628.9910873473;108026.78718695386;474308.32198725105;4441812.535841633;7648441.52692898;3206628.9910873473;108026.78718695386;474308.32198725105;4441812.535841633;7648441.52692898;
06-Mar-2021;3207870.418842175;108064.43552820254;474460.8643723751;4442830.072848425;7650700.4916906;3207870.418842175;108064.43552820254;474460.8643723751;4442830.072848425;7650700.4916906;
07-Mar-2021;3209110.328398442;108101.9974480729;474613.2202064665;4443845.2911960855;7652955.619594527;3209110.328398442;108101.9974480729;474613.2202064665;4443845.2911960855;7652955.619594527;
07-Mar-2021;3210348.738187837;108139.47438388602;474765.391754348;4444858.200939152;7655206.93912699;3210348.738187837;108139.47438388602;474765.391754348;4444858.200939152;7655206.93912699;
07-Mar-2021;3211585.665051305;108176.86774214712;474917.38108537724;4445868.812598375;7657454.47764968;3211585.665051305;108176.86774214712;474917.38108537724;4445868.812598375;7657454.47764968;
07-Mar-2021;3212821.124334447;108214.1788981289;475069.1900851689;4446877.137115809;7659698.261450256;3212821.124334447;108214.1788981289;475069.1900851689;4446877.137115809;7659698.261450256;
07-Mar-2021;3214055.129977956;108251.4091955544;475220.8204667077;4447883.185812631;7661938.315790586;3214055.129977956;108251.4091955544;475220.8204667077;4447883.185812631;7661938.315790586;
07-Mar-2021;3215287.6946033384;108288.55994637178;475372.27378088096;4448886.9703495065;7664174.664952844;3215287.6946033384;108288.55994637178;475372.27378088096;4448886.9703495065;7664174.664952844;
08-Mar-2021;3216518.829594146;108325.63243061367;475523.5514264605;4449888.502689381;7666407.332283527;3216518.829594146;108325.63243061367;475523.5514264605;4449888.502689381;7666407.332283527;
08-Mar-2021;3217748.5451729386;108362.62789633426;475674.6546595594;4450887.795062569;7668636.340235508;3217748.5451729386;108362.62789633426;475674.6546595594;4450887.795062569;7668636.340235508;
08-Mar-2021;3218976.8504741876;108399.54755961777;475825.5846025902;4451884.859934021;7670861.710408209;3218976.8504741876;108399.54755961777;475825.5846025902;4451884.859934021;7670861.710408209;
08-Mar-2021;3220203.753613318;108436.39260465227;475976.34225274844;4452879.709972648;7673083.463585965;3220203.753613318;108436.39260465227;475976.34225274844;4452879.709972648;7673083.463585965;
08-Mar-2021;3221429.2617520806;108473.16418386326;476126.9284900456;4453872.358022601;7675301.619774682;3221429.2617520806;108473.16418386326;476126.9284900456;4453872.358022601;7675301.619774682;
08-Mar-2021;3222653.3811604357;108509.86341810168;476277.3440849128;4454862.817076409;7677516.198236845;3222653.3811604357;108509.86341810168;476277.3440849128;4454862.817076409;7677516.198236845;
09-Mar-2021;3223876.117275116;108546.49139688148;476427.5897053972;4455851.100249838;7679727.217524954;3223876.117275116;108546.49139688148;476427.5897053972;4455851.100249838;7679727.217524954;
09-Mar-2021;3225097.474755039;108583.0491786621;476577.6659239705;4456837.220758435;7681934.695513474;3225097.474755039;108583.0491786621;476577.6659239705;4456837.220758435;7681934.695513474;
09-Mar-2021;3226317.4575337204;108619.5377911715;476727.5732239697;4457821.191895618;7684138.649429339;3226317.4575337204;108619.5377911715;476727.5732239697;4457821.191895618;7684138.649429339;
09-Mar-2021;3227536.06886884;108655.9582317659;476877.31200568733;4458803.027012264;7686339.0958811045;3227536.06886884;108655.9582317659;476877.31200568733;4458803.027012264;7686339.0958811045;
09-Mar-2021;3228753.311389101;108692.31146782207;477026.88259212935;4459782.739497672;7688536.050886773;3228753.311389101;108692.31146782207;477026.88259212935;4459782.739497672;7688536.050886773;
09-Mar-2021;3229969.1871385174;108728.59843715922;477176.28523445723;4460760.342761881;7690729.529900398;3229969.1871385174;108728.59843715922;477176.28523445723;4460760.342761881;7690729.529900398;
10-Mar-2021;3231183.6976182596;108764.82004848655;477325.5201171296;4461735.850219206;7692919.547837465;3231183.6976182596;108764.82004848655;477325.5201171296;4461735.850219206;7692919.547837465;
10-Mar-2021;3232396.8438261785;108800.97718187403;477474.58736275905;4462709.275272986;7695106.119099164;3232396.8438261785;108800.97718187403;477474.58736275905;4462709.275272986;7695106.119099164;
10-Mar-2021;3233608.6262941267;108837.07068924313;477623.48703669774;4463680.631301423;7697289.257595549;3233608.6262941267;108837.07068924313;477623.48703669774;4463680.631301423;7697289.257595549;
10-Mar-2021;3234819.045123187;108873.10139487506;477772.2191513664;4464649.93164449;7699468.976767677;3234819.045123187;108873.10139487506;477772.2191513664;4464649.93164449;7699468.976767677;
10-Mar-2021;3236028.1000169124;108909.070095934;477920.7836703386;4465617.189591826;7701645.289608738;3236028.1000169124;108909.070095934;477920.7836703386;4465617.189591826;7701645.289608738;
10-Mar-2021;3237235.7903126823;108944.97756300302;478069.1805121939;4466582.418371569;7703818.208684252;3237235.7903126823;108944.97756300302;478069.1805121939;4466582.418371569;7703818.208684252;
11-Mar-2021;3238442.115011266;108980.82454063064;478217.40955415013;4467545.631140079;7705987.746151346;3238442.115011266;108980.82454063064;478217.40955415013;4467545.631140079;7705987.746151346;
11-Mar-2021;3239647.0728046885;109016.611747886;478365.4706354878;4468506.840972488;7708153.913777176;3239647.0728046885;109016.611747886;478365.4706354878;4468506.840972488;7708153.913777176;
11-Mar-2021;3240850.6621024814;109052.33987892087;478513.3635607757;4469466.060854038;7710316.72295652;3240850.6621024814;109052.33987892087;478513.3635607757;4469466.060854038;7710316.72295652;
11-Mar-2021;3242052.881056406;109088.00960353682;478661.08810290863;4470423.303672162;7712476.1847285675;3242052.881056406;109088.00960353682;478661.08810290863;4470423.303672162;7712476.1847285675;
11-Mar-2021;3243253.727583726;109123.62156775588;478808.64400596695;4471378.582209254;7714632.30979298;3243253.727583726;109123.62156775588;478808.64400596695;4471378.582209254;7714632.30979298;
11-Mar-2021;3244453.1993890987;109159.17639439357;478956.03098790697;4472331.909136108;7716785.108525207;3244453.1993890987;109159.17639439357;478956.03098790697;4472331.909136108;7716785.108525207;
12-Mar-2021;3245651.2939851675;109194.67468363259;479103.2487430907;4473283.2970059635;7718934.590991131;3245651.2939851675;109194.67468363259;479103.2487430907;4473283.2970059635;7718934.590991131;
12-Mar-2021;3246848.0087119113;109230.1170135963;479250.2969446639;4474232.758249124;7721080.766961035;3246848.0087119113;109230.1170135963;479250.2969446639;4474232.758249124;7721080.766961035;
12-Mar-2021;3248043.340754823;109265.50394092071;479397.17524678964;4475180.305168146;7723223.645922969;3248043.340754823;109265.50394092071;479397.17524678964;4475180.305168146;7723223.645922969;
12-Mar-2021;3249237.2871619756;109300.836001324;479543.88328674535;4476125.949933512;7725363.237095486;3249237.2871619756;109300.836001324;479543.88328674535;4476125.949933512;7725363.237095486;
12-Mar-2021;3250429.8448600373;109336.11371017268;479690.4206868904;4477069.704579793;7727499.549439831;3250429.8448600373;109336.11371017268;479690.4206868904;4477069.704579793;7727499.549439831;
12-Mar-2021;3251621.0106692817;109371.33756304352;479836.7870565109;4478011.581002277;7729632.591671559;3251621.0106692817;109371.33756304352;479836.7870565109;4478011.581002277;7729632.591671559;
13-Mar-2021;3252810.78131766;109406.50803628056;479982.98199354886;4478951.590953995;7731762.372271655;3252810.78131766;109406.50803628056;479982.98199354886;4478951.590953995;7731762.372271655;
13-Mar-2021;3253999.1534539736;109441.62558754638;480129.00508622034;4479889.746043157;7733888.89949713;3253999.1534539736;109441.62558754638;480129.00508622034;4479889.746043157;7733888.89949713;
13-Mar-2021;3255186.1236601984;109476.69065636712;480274.85591453034;4480826.057730953;7736012.181391152;3255186.1236601984;109476.69065636712;480274.85591453034;4480826.057730953;7736012.181391152;
13-Mar-2021;3256371.6884630104;109511.70366467065;480420.53405168874;4481760.537329715;7738132.225792726;3256371.6884630104;109511.70366467065;480420.53405168874;4481760.537329715;7738132.225792726;
13-Mar-2021;3257555.844344548;109546.66501731746;480566.03906543273;4482693.196001375;7740249.040345923;3257555.844344548;109546.66501731746;480566.03906543273;4482693.196001375;7740249.040345923;
13-Mar-2021;3258738.587752458;109581.57510262365;480711.3705192614;4483624.044756249;7742362.632508707;3258738.587752458;109581.57510262365;480711.3705192614;4483624.044756249;7742362.632508707;
14-Mar-2021;3259919.9151092637;109616.43429287587;480856.5279735865;4484553.094452095;7744473.009561359;3259919.9151092637;109616.43429287587;480856.5279735865;4484553.094452095;7744473.009561359;
14-Mar-2021;3261099.822821085;109651.24294483766;481001.51098680455;4485480.355793431;7746580.178614517;3261099.822821085;109651.24294483766;481001.51098680455;4485480.355793431;7746580.178614517;
14-Mar-2021;3262278.3072857563;109686.00140024701;481146.3191162938;4486405.839331104;7748684.14661686;3262278.3072857563;109686.00140024701;481146.3191162938;4486405.839331104;7748684.14661686;
14-Mar-2021;3263455.3649003706;109720.70998630485;481290.9519193413;4487329.555462078;7750784.920362449;3263455.3649003706;109720.70998630485;481290.9519193413;4487329.555462078;7750784.920362449;
14-Mar-2021;3264630.9920682767;109755.36901615423;481435.4089540029;4488251.514429444;7752882.506497721;3264630.9920682767;109755.36901615423;481435.4089540029;4488251.514429444;7752882.506497721;
14-Mar-2021;3265805.1852055686;109789.97878935006;481579.6897799005;4489171.7263226155;7754976.911528184;3265805.1852055686;109789.97878935006;481579.6897799005;4489171.7263226155;7754976.911528184;
15-Mar-2021;3266977.9407470888;109824.53959231915;481723.7939589598;4490090.2010777155;7757068.141824804;3266977.9407470888;109824.53959231915;481723.7939589598;4490090.2010777155;7757068.141824804;
15-Mar-2021;3268149.255151977;109859.05169881062;481867.72105609206;4491006.94847812;7759156.203630097;3268149.255151977;109859.05169881062;481867.72105609206;4491006.94847812;7759156.203630097;
15-Mar-2021;3269319.1249087863;109893.5153703364;482011.4706398227;4491921.978155174;7761241.103063961;3269319.1249087863;109893.5153703364;482011.4706398227;4491921.978155174;7761241.103063961;
15-Mar-2021;3270487.546540196;109927.93085660183;482155.0422828705;4492835.299589028;7763322.846129224;3270487.546540196;109927.93085660183;482155.0422828705;4492835.299589028;7763322.846129224;
15-Mar-2021;3271654.516607338;109962.29839592634;482298.43556267914;4493746.922109623;7765401.438716962;3271654.516607338;109962.29839592634;482298.43556267914;4493746.922109623;7765401.438716962;
15-Mar-2021;3272820.031713765;109996.61821565418;482441.65006190474;4494656.854897796;7767476.886611561;3272820.031713765;109996.61821565418;482441.65006190474;4494656.854897796;7767476.886611561;
16-Mar-2021;3273984.088509077;110030.89053255522;482584.68536886177;4495565.106986483;7769549.19549556;3273984.088509077;110030.89053255522;482584.68536886177;4495565.106986483;7769549.19549556;
16-Mar-2021;3275146.683692231;110065.11555321573;482727.54107792926;4496471.687262036;7771618.370954267;3275146.683692231;110065.11555321573;482727.54107792926;4496471.687262036;7771618.370954267;
16-Mar-2021;3276307.814014543;110099.29347441936;482870.2167899202;4497376.604465627;7773684.41848017;3276307.814014543;110099.29347441936;482870.2167899202;4497376.604465627;7773684.41848017;
16-Mar-2021;3277467.4762824145;110133.42448351823;483012.71211241605;4498279.867194739;7775747.343477154;3277467.4762824145;110133.42448351823;483012.71211241605;4498279.867194739;7775747.343477154;
16-Mar-2021;3278625.6673597875;110167.50875879425;483155.0266600688;4499181.483904721;7777807.151264509;3278625.6673597875;110167.50875879425;483155.0266600688;4499181.483904721;7777807.151264509;
16-Mar-2021;3279782.3841703488;110201.54646981077;483297.1600548716;4500081.462910434;7779863.847080783;3279782.3841703488;110201.54646981077;483297.1600548716;4500081.462910434;7779863.847080783;
17-Mar-2021;3280937.6236995026;110235.53777775458;483439.1119264012;4500979.812387926;7781917.436087429;3280937.6236995026;110235.53777775458;483439.1119264012;4500979.812387926;7781917.436087429;
17-Mar-2021;3282091.382996118;110269.48283576852;483580.88191203296;4501876.5403761985;7783967.923372316;3282091.382996118;110269.48283576852;483580.88191203296;4501876.5403761985;7783967.923372316;
17-Mar-2021;3283243.6591740754;110303.38178927459;483722.4696571302;4502771.654778988;7786015.313953063;3283243.6591740754;110303.38178927459;483722.4696571302;4502771.654778988;7786015.313953063;
17-Mar-2021;3284394.44941361;110337.23477628788;483863.87481521;4503665.163366612;7788059.612780223;3284394.44941361;110337.23477628788;483863.87481521;4503665.163366612;7788059.612780223;
17-Mar-2021;3285543.7509624828;110371.04192772135;484005.0970480866;4504557.073777844;7790100.824740327;3285543.7509624828;110371.04192772135;484005.0970480866;4504557.073777844;7790100.824740327;
17-Mar-2021;3286691.561136974;110404.80336768158;484146.1360259938;4505447.3935218165;7792138.9546587905;3286691.561136974;110404.80336768158;484146.1360259938;4505447.3935218165;7792138.9546587905;
18-Mar-2021;3287837.877322722;110438.51921375576;484286.99142768775;4506336.129979956;7794174.007302678;3287837.877322722;110438.51921375576;484286.99142768775;4506336.129979956;7794174.007302678;
18-Mar-2021;3288982.696975411;110472.18957728987;484427.6629405316;4507223.290407948;7796205.987383359;3288982.696975411;110472.18957728987;484427.6629405316;4507223.290407948;7796205.987383359;
18-Mar-2021;3290126.017621318;110505.81456365838;484568.1502605629;4508108.881937704;7798234.899559022;3290126.017621318;110505.81456365838;484568.1502605629;4508108.881937704;7798234.899559022;
18-Mar-2021;3291267.8368577342;110539.39427252555;484708.4530925449;4508992.911579358;7800260.748437093;3291267.8368577342;110539.39427252555;484708.4530925449;4508992.911579358;7800260.748437093;
18-Mar-2021;3292408.1523532635;110572.92879809845;484848.57115000376;4509875.386223264;7802283.5385765275;3292408.1523532635;110572.92879809845;484848.57115000376;4509875.386223264;7802283.5385765275;
18-Mar-2021;3293546.9618480066;110606.41822937198;484988.5041552507;4510756.312642006;7804303.274490013;3293546.9618480066;110606.41822937198;484988.5041552507;4510756.312642006;7804303.274490013;
19-Mar-2021;3294684.263153643;110639.8626503659;485128.2518393924;4511635.697492411;7806319.960646055;3294684.263153643;110639.8626503659;485128.2518393924;4511635.697492411;7806319.960646055;
19-Mar-2021;3295820.054153414;110673.26214035419;485267.8139423289;4512513.54731757;7808333.6014709845;3295820.054153414;110673.26214035419;485267.8139423289;4512513.54731757;7808333.6014709845;
19-Mar-2021;3296954.3328020168;110706.61677408675;485407.19021274033;4513389.868548843;7810344.201350859;3296954.3328020168;110706.61677408675;485407.19021274033;4513389.868548843;7810344.201350859;
19-Mar-2021;3298087.0971254124;110739.92662200383;485546.3804080636;4514264.667507877;7812351.76463329;3298087.0971254124;110739.92662200383;485546.3804080636;4514264.667507877;7812351.76463329;
19-Mar-2021;3299218.34522056;110773.19175044303;485685.38429445954;4515137.950408607;7814356.295629167;3299218.34522056;110773.19175044303;485685.38429445954;4515137.950408607;7814356.295629167;
19-Mar-2021;3300348.075255077;110806.41222183942;485824.2016467712;4516009.7233592495;7816357.798614327;3300348.075255077;110806.41222183942;485824.2016467712;4516009.7233592495;7816357.798614327;
20-Mar-2021;3301476.2854668316;110839.58809491861;485962.83224847406;4516879.992364296;7818356.277831128;3301476.2854668316;110839.58809491861;485962.83224847406;4516879.992364296;7818356.277831128;
20-Mar-2021;3302602.9741634815;110872.71942488317;486101.2758916187;4517748.763326482;7820351.737489964;3302602.9741634815;110872.71942488317;486101.2758916187;4517748.763326482;7820351.737489964;
20-Mar-2021;3303728.1397219477;110905.80626359244;486239.53237676685;4518616.042048749;7822344.181770695;3303728.1397219477;110905.80626359244;486239.53237676685;4518616.042048749;7822344.181770695;
20-Mar-2021;3304851.780587845;110938.848659736;486377.6015129209;4519481.834236184;7824333.614824029;3304851.780587845;110938.848659736;486377.6015129209;4519481.834236184;7824333.614824029;
20-Mar-2021;3305973.8952748613;110971.84665900079;486515.48311744805;4520346.145497963;7826320.040772824;3305973.8952748613;110971.84665900079;486515.48311744805;4520346.145497963;7826320.040772824;
20-Mar-2021;3307094.4823640967;111004.80030423225;486653.17701599863;4521208.981349245;7828303.463713341;3307094.4823640967;111004.80030423225;486653.17701599863;4521208.981349245;7828303.463713341;
21-Mar-2021;3308213.540503362;111037.70963558956;486790.68304242037;4522070.3472130755;7830283.887716438;3308213.540503362;111037.70963558956;486790.68304242037;4522070.3472130755;7830283.887716438;
21-Mar-2021;3309331.068406446;111070.57469069504;486928.0010386679;4522930.248422253;7832261.316828699;3309331.068406446;111070.57469069504;486928.0010386679;4522930.248422253;7832261.316828699;
21-Mar-2021;3310447.0648523457;111103.39550477799;487065.1308547087;4523788.690221179;7834235.755073525;3310447.0648523457;111103.39550477799;487065.1308547087;4523788.690221179;7834235.755073525;
21-Mar-2021;3311561.5286844736;111136.17211081318;487202.0723484252;4524645.67776769;7836207.206452164;3311561.5286844736;111136.17211081318;487202.0723484252;4524645.67776769;7836207.206452164;
21-Mar-2021;3312674.4588098363;111168.90453965389;487338.8253855142;4525501.216134861;7838175.674944697;3312674.4588098363;111168.90453965389;487338.8253855142;4525501.216134861;7838175.674944697;
21-Mar-2021;3313785.854198193;111201.59282015997;487475.38983938313;4526355.310312788;7840141.164510981;3313785.854198193;111201.59282015997;487475.38983938313;4526355.310312788;7840141.164510981;
22-Mar-2021;3314895.7138811927;111234.23697932083;487611.7655910444;4527207.965210348;7842103.679091541;3314895.7138811927;111234.23697932083;487611.7655910444;4527207.965210348;7842103.679091541;
22-Mar-2021;3316004.036951495;111266.8370423736;487747.9525290071;4528059.185656933;7844063.2226084275;3316004.036951495;111266.8370423736;487747.9525290071;4528059.185656933;7844063.2226084275;
22-Mar-2021;3317110.822561876;111299.39303291663;487883.9505491673;4528908.976404154;7846019.79896603;3317110.822561876;111299.39303291663;487883.9505491673;4528908.976404154;7846019.79896603;
22-Mar-2021;3318216.0699243215;111331.90497301838;488019.75955469644;4529757.34212753;7847973.412051852;3318216.0699243215;111331.90497301838;488019.75955469644;4529757.34212753;7847973.412051852;
22-Mar-2021;3319319.77830911;111364.37288332195;488155.3794559289;4530604.287428149;7849924.06573726;3319319.77830911;111364.37288332195;488155.3794559289;4530604.287428149;7849924.06573726;
22-Mar-2021;3320421.9470438864;111396.79678314534;488290.81017024803;4531449.816834287;7851871.763878173;3320421.9470438864;111396.79678314534;488290.81017024803;4531449.816834287;7851871.763878173;
23-Mar-2021;3321522.5755127296;111429.17669057747;488426.05162197154;4532293.934803027;7853816.510315756;3321522.5755127296;111429.17669057747;488426.05162197154;4532293.934803027;7853816.510315756;
23-Mar-2021;3322621.663155214;111461.51262257031;488561.10374223616;4533136.645721829;7855758.3088770425;3322621.663155214;111461.51262257031;488561.10374223616;4533136.645721829;7855758.3088770425;
23-Mar-2021;3323719.209465468;111493.80459502702;488695.9664688822;4533977.953910088;7857697.163375556;3323719.209465468;111493.80459502702;488695.9664688822;4533977.953910088;7857697.163375556;
23-Mar-2021;3324815.213991231;111526.05262288636;488830.63974633755;4534817.863620656;7859633.077611887;3324815.213991231;111526.05262288636;488830.63974633755;4534817.863620656;7859633.077611887;
23-Mar-2021;3325909.6763329087;111558.25672020353;488965.1235255012;4535656.379041346;7861566.0553742545;3325909.6763329087;111558.25672020353;488965.1235255012;4535656.379041346;7861566.0553742545;
23-Mar-2021;3327002.596142628;111590.41690022734;489099.41776362795;4536493.504296399;7863496.100439027;3327002.596142628;111590.41690022734;489099.41776362795;4536493.504296399;7863496.100439027;
24-Mar-2021;3328093.9731232966;111622.53317547413;489233.5224242119;4537329.243447932;7865423.216571229;3328093.9731232966;111622.53317547413;489233.5224242119;4537329.243447932;7865423.216571229;
24-Mar-2021;3329183.807027661;111654.60555779829;489367.4374768714;4538163.600497359;7867347.40752502;3329183.807027661;111654.60555779829;489367.4374768714;4538163.600497359;7867347.40752502;
24-Mar-2021;3330272.0976573713;111686.63405845962;489501.162897234;4538996.579386783;7869268.677044154;3330272.0976573713;111686.63405845962;489501.162897234;4538996.579386783;7869268.677044154;
24-Mar-2021;3331358.8448620504;111718.61868818768;489634.6986668219;4539828.18400036;7871187.02886241;3331358.8448620504;111718.61868818768;489634.6986668219;4539828.18400036;7871187.02886241;
24-Mar-2021;3332444.0485383673;111750.5594572431;489768.04477293795;4540658.418165642;7873102.466704009;3332444.0485383673;111750.5594572431;489768.04477293795;4540658.418165642;7873102.466704009;
24-Mar-2021;3333527.7086291173;111782.45637547605;489901.2012085532;4541487.285654892;7875014.99428401;3333527.7086291173;111782.45637547605;489901.2012085532;4541487.285654892;7875014.99428401;
25-Mar-2021;3334609.8251223094;111814.30945238195;490034.16797219426;4542314.790186369;7876924.615308679;3334609.8251223094;111814.30945238195;490034.16797219426;4542314.790186369;7876924.615308679;
25-Mar-2021;3335690.398050261;111846.1186971545;490166.9450678321;4543140.935425592;7878831.333475852;3335690.398050261;111846.1186971545;490166.9450678321;4543140.935425592;7878831.333475852;
25-Mar-2021;3336769.427488701;111877.88411873617;490299.53250477195;4543965.724986576;7880735.152475276;3336769.427488701;111877.88411873617;490299.53250477195;4543965.724986576;7880735.152475276;
25-Mar-2021;3337846.9135558805;111909.60572586616;490431.9302975443;4544789.162433047;7882636.075988927;3337846.9135558805;111909.60572586616;490431.9302975443;4544789.162433047;7882636.075988927;
25-Mar-2021;3338922.856411696;111941.28352712603;490564.1384657965;4545611.251279628;7884534.107691324;3338922.856411696;111941.28352712603;490564.1384657965;4545611.251279628;7884534.107691324;
25-Mar-2021;3339997.256256817;111972.91753098294;490696.1570341862;4546431.994992998;7886429.251249815;3339997.256256817;111972.91753098294;490696.1570341862;4546431.994992998;7886429.251249815;
26-Mar-2021;3341070.113331829;112004.50774583078;490827.9860322758;4547251.396993036;7888321.510324866;3341070.113331829;112004.50774583078;490827.9860322758;4547251.396993036;7888321.510324866;
26-Mar-2021;3342141.4279163843;112036.05418002905;490959.62549442786;4548069.460653928;7890210.888570312;3342141.4279163843;112036.05418002905;490959.62549442786;4548069.460653928;7890210.888570312;
26-Mar-2021;3343211.200328362;112067.55684193979;491091.07545970246;4548886.189305264;7892097.389633626;3343211.200328362;112067.55684193979;491091.07545970246;4548886.189305264;7892097.389633626;
26-Mar-2021;3344279.4309230447;112099.01573996244;491222.3359717553;4549701.586233097;7893981.017156142;3344279.4309230447;112099.01573996244;491222.3359717553;4549701.586233097;7893981.017156142;
26-Mar-2021;3345346.1200922984;112130.43088256687;491353.4070787377;4550515.654680995;7895861.774773294;3345346.1200922984;112130.43088256687;491353.4070787377;4550515.654680995;7895861.774773294;
26-Mar-2021;3346411.268263771;112161.80227832453;491484.2888331975;4551328.397851056;7897739.666114828;3346411.268263771;112161.80227832453;491484.2888331975;4551328.397851056;7897739.666114828;
27-Mar-2021;3347474.8759001;112193.12993593782;491614.981291982;4552139.8189049065;7899614.6948050065;3347474.8759001;112193.12993593782;491614.981291982;4552139.8189049065;7899614.6948050065;
27-Mar-2021;3348536.9434981295;112224.41386426787;491745.4845161417;4552949.92096468;7901486.864462809;3348536.9434981295;112224.41386426787;491745.4845161417;4552949.92096468;7901486.864462809;
27-Mar-2021;3349597.471588144;112255.6540723606;491875.79857083614;4553758.707113968;7903356.178702112;3349597.471588144;112255.6540723606;491875.79857083614;4553758.707113968;7903356.178702112;
27-Mar-2021;3350656.46073311;112286.85056947121;492005.92352524074;4554566.1803987585;7905222.641131869;3350656.46073311;112286.85056947121;492005.92352524074;4554566.1803987585;7905222.641131869;
27-Mar-2021;3351713.9115279326;112318.00336508725;492135.85945245536;4555372.343828341;7907086.255356274;3351713.9115279326;112318.00336508725;492135.85945245536;4555372.343828341;7907086.255356274;
27-Mar-2021;3352769.8245987226;112349.11246895019;492265.6064294144;4556177.200376203;7908947.024974926;3352769.8245987226;112349.11246895019;492265.6064294144;4556177.200376203;7908947.024974926;
28-Mar-2021;3353824.200602078;112380.17789107565;492395.1645367983;4556980.752980895;7910804.953582973;3353824.200602078;112380.17789107565;492395.1645367983;4556980.752980895;7910804.953582973;
28-Mar-2021;3354877.0402243743;112411.19964177228;492524.5338589466;4557783.004546886;7912660.044771261;3354877.0402243743;112411.19964177228;492524.5338589466;4557783.004546886;7912660.044771261;
28-Mar-2021;3355928.3441810706;112442.17773165937;492653.7144837724;4558583.957945392;7914512.302126463;3355928.3441810706;112442.17773165937;492653.7144837724;4558583.957945392;7914512.302126463;
28-Mar-2021;3356978.1132160267;112473.11217168324;492782.70650267875;4559383.6160151865;7916361.729231213;3356978.1132160267;112473.11217168324;492782.70650267875;4559383.6160151865;7916361.729231213;
28-Mar-2021;3358026.348100832;112504.00297313255;492911.51001047576;4560181.981563397;7918208.3296642285;3358026.348100832;112504.00297313255;492911.51001047576;4560181.981563397;7918208.3296642285;
28-Mar-2021;3359073.049634147;112534.85014765234;493040.12510530016;4560979.0573662715;7920052.107000419;3359073.049634147;112534.85014765234;493040.12510530016;4560979.0573662715;7920052.107000419;
29-Mar-2021;3360118.2186410567;112565.65370725712;493168.5518885356;4561774.846169945;7921893.0648110015;3360118.2186410567;112565.65370725712;493168.5518885356;4561774.846169945;7921893.0648110015;
29-Mar-2021;3361161.855972437;112596.41366434295;493296.7904647348;4562569.350691164;7923731.206663601;3361161.855972437;112596.41366434295;493296.7904647348;4562569.350691164;7923731.206663601;
29-Mar-2021;3362203.9625043334;112627.13003169844;493424.8409415431;4563362.573618016;7925566.53612235;3362203.9625043334;112627.13003169844;493424.8409415431;4563362.573618016;7925566.53612235;
29-Mar-2021;3363244.5391373485;112657.80282251492;493552.70342962357;4564154.517610633;7927399.056747981;3363244.5391373485;112657.80282251492;493552.70342962357;4564154.517610633;7927399.056747981;
29-Mar-2021;3364283.586796046;112688.43205039567;493680.37804258335;4564945.185301866;7929228.772097913;3364283.586796046;112688.43205039567;493680.37804258335;4564945.185301866;7929228.772097913;
29-Mar-2021;3365321.1064283624;112719.0177293643;493807.86489690177;4565734.579297968;7931055.685726331;3365321.1064283624;112719.0177293643;493807.86489690177;4565734.579297968;7931055.685726331;
30-Mar-2021;3366357.099005034;112749.55987387235;493935.16411185946;4566522.702179241;7932879.801184275;3366357.099005034;112749.55987387235;493935.16411185946;4566522.702179241;7932879.801184275;
30-Mar-2021;3367391.5655190325;112780.05849880606;494062.27580946934;4567309.556500669;7934701.122019701;3367391.5655190325;112780.05849880606;494062.27580946934;4567309.556500669;7934701.122019701;
30-Mar-2021;3368424.5069850124;112810.51361949246;494189.2001144088;4568095.144792546;7936519.651777558;3368424.5069850124;112810.51361949246;494189.2001144088;4568095.144792546;7936519.651777558;
30-Mar-2021;3369455.924438772;112840.9252517047;494315.9371539531;4568879.4695610795;7938335.393999851;3369455.924438772;112840.9252517047;494315.9371539531;4568879.4695610795;7938335.393999851;
30-Mar-2021;3370485.818936723;112871.29341166676;494442.48705791053;4569662.533288984;7940148.352225707;3370485.818936723;112871.29341166676;494442.48705791053;4569662.533288984;7940148.352225707;
30-Mar-2021;3371514.1915553715;112901.6181160575;494568.8499585585;4570444.338436054;7941958.529991426;3371514.1915553715;112901.6181160575;494568.8499585585;4570444.338436054;7941958.529991426;
31-Mar-2021;3372541.043390813;112931.89938201412;494695.0259905814;4571224.88743973;7943765.930830543;3372541.043390813;112931.89938201412;494695.0259905814;4571224.88743973;7943765.930830543;
31-Mar-2021;3373566.3755582315;112962.13722713495;494821.01529100916;4572004.182715645;7945570.558273876;3373566.3755582315;112962.13722713495;494821.01529100916;4572004.182715645;7945570.558273876;
31-Mar-2021;3374590.189191417;112992.33166948185;494946.8179991581;4572782.22665816;7947372.415849577;3374590.189191417;112992.33166948185;494946.8179991581;4572782.22665816;7947372.415849577;
31-Mar-2021;3375612.4854422873;113022.48272758196;495072.4342565719;4573559.021640885;7949171.507083172;3375612.4854422873;113022.48272758196;495072.4342565719;4573559.021640885;7949171.507083172;
31-Mar-2021;3376633.265480424;113052.59042042901;495197.86420696473;4574334.570017185;7950967.835497609;3376633.265480424;113052.59042042901;495197.86420696473;4574334.570017185;7950967.835497609;
31-Mar-2021;3377652.530492615;113082.65476748417;495323.10799616505;4575108.874120685;7952761.4046133;3377652.530492615;113082.65476748417;495323.10799616505;4575108.874120685;7952761.4046133;
01-Apr-2021;3378670.281682412;113112.67578867641;495448.16577206115;4575881.936265741;7954552.217948153;3378670.281682412;113112.67578867641;495448.16577206115;4575881.936265741;7954552.217948153;
01-Apr-2021;3379686.5202696924;113142.65350440248;495573.03768454737;4576653.758747914;7956340.279017607;3379686.5202696924;113142.65350440248;495573.03768454737;4576653.758747914;7956340.279017607;
01-Apr-2021;3380701.2474902337;113172.58793552649;495697.7238854718;4577424.343844436;7958125.59133467;3380701.2474902337;113172.58793552649;495697.7238854718;4577424.343844436;7958125.59133467;
01-Apr-2021;3381714.464595298;113202.4791033791;495822.2245285852;4578193.693814651;7959908.158409948;3381714.464595298;113202.4791033791;495822.2245285852;4578193.693814651;7959908.158409948;
01-Apr-2021;3382726.1728512226;113232.32702975634;495946.5397694909;4578961.810900447;7961687.9837516695;3382726.1728512226;113232.32702975634;495946.5397694909;4578961.810900447;7961687.9837516695;
01-Apr-2021;3383736.373539025;113262.13173691815;496070.6697655958;4579728.69732669;7963465.070865715;3383736.373539025;113262.13173691815;496070.6697655958;4579728.69732669;7963465.070865715;
02-Apr-2021;3384745.0679540117;113291.89324758653;496194.6146760628;4580494.355301632;7965239.423255643;3384745.0679540117;113291.89324758653;496194.6146760628;4580494.355301632;7965239.423255643;
02-Apr-2021;3385752.2574053975;113321.61158494347;496318.37466176366;4581258.787017314;7967011.044422711;3385752.2574053975;113321.61158494347;496318.37466176366;4581258.787017314;7967011.044422711;
02-Apr-2021;3386757.9432159355;113351.28677262856;496441.94988523383;4582021.994649962;7968779.937865897;3386757.9432159355;113351.28677262856;496441.94988523383;4582021.994649962;7968779.937865897;
02-Apr-2021;3387762.1267215535;113380.91883473632;496565.34051062743;4582783.980360361;7970546.107081914;3387762.1267215535;113380.91883473632;496565.34051062743;4582783.980360361;7970546.107081914;
02-Apr-2021;3388764.809270998;113410.50779581332;496688.5467036739;4583544.746294246;7972309.555565244;3388764.809270998;113410.50779581332;496688.5467036739;4583544.746294246;7972309.555565244;
02-Apr-2021;3389765.99222549;113440.05368085507;496811.5686316353;4584304.294582642;7974070.286808131;3389765.99222549;113440.05368085507;496811.5686316353;4584304.294582642;7974070.286808131;
03-Apr-2021;3390765.676958384;113469.55651530267;496934.4064632648;4585062.627342233;7975828.304300617;3390765.676958384;113469.55651530267;496934.4064632648;4585062.627342233;7975828.304300617;
03-Apr-2021;3391763.8648548396;113499.0163250393;497057.060368766;4585819.746675704;7977583.611530543;3391763.8648548396;113499.0163250393;497057.060368766;4585819.746675704;7977583.611530543;
03-Apr-2021;3392760.557311497;113528.43313638643;497179.53051975335;4586575.6546720695;7979336.211983567;3392760.557311497;113528.43313638643;497179.53051975335;4586575.6546720695;7979336.211983567;
03-Apr-2021;3393755.7557361624;113557.80697610004;497301.8170892132;4587330.3534070095;7981086.109143172;3393755.7557361624;113557.80697610004;497301.8170892132;4587330.3534070095;7981086.109143172;
03-Apr-2021;3394749.4615475;113587.13787136643;497423.92025146616;4588083.8449431835;7982833.306490683;3394749.4615475;113587.13787136643;497423.92025146616;4588083.8449431835;7982833.306490683;
03-Apr-2021;3395741.6761747315;113616.42584979814;497545.84018213005;4588836.131330534;7984577.807505266;3395741.6761747315;113616.42584979814;497545.84018213005;4588836.131330534;7984577.807505266;
04-Apr-2021;3396732.401057342;113645.67093942949;497667.5770580839;4589587.214606601;7986319.615663943;3396732.401057342;113645.67093942949;497667.5770580839;4589587.214606601;7986319.615663943;
04-Apr-2021;3397721.6376447943;113674.87316871222;497789.1310574327;4590337.096796805;7988058.7344416;3397721.6376447943;113674.87316871222;497789.1310574327;4590337.096796805;7988058.7344416;
04-Apr-2021;3398709.387396248;113704.03256651084;497910.502359473;4591085.779914738;7989795.167310986;3398709.387396248;113704.03256651084;497910.502359473;4591085.779914738;7989795.167310986;
04-Apr-2021;3399695.651780288;113733.14916209797;498031.6911446594;4591833.265962439;7991528.917742726;3399695.651780288;113733.14916209797;498031.6911446594;4591833.265962439;7991528.917742726;
04-Apr-2021;3400680.432274657;113762.22298514954;498152.697594572;4592579.556930667;7993259.989205323;3400680.432274657;113762.22298514954;498152.697594572;4592579.556930667;7993259.989205323;
04-Apr-2021;3401663.7303659944;113791.25406573991;498273.52189188387;4593324.654799165;7994988.38516516;3401663.7303659944;113791.25406573991;498273.52189188387;4593324.654799165;7994988.38516516;
05-Apr-2021;3402645.547549585;113820.24243433696;498394.1642203305;4594068.5615369165;7996714.109086501;3402645.547549585;113820.24243433696;498394.1642203305;4594068.5615369165;7996714.109086501;
05-Apr-2021;3403625.8853291087;113849.18812179705;498514.6247646789;4594811.279102395;7998437.164431504;3403625.8853291087;113849.18812179705;498514.6247646789;4594811.279102395;7998437.164431504;
05-Apr-2021;3404604.7452164013;113878.09115935992;498634.9037106982;4595552.809443806;8000157.554660208;3404604.7452164013;113878.09115935992;498634.9037106982;4595552.809443806;8000157.554660208;
05-Apr-2021;3405582.128731216;113906.95157864358;498755.0012451305;4596293.154499327;8001875.283230542;3405582.128731216;113906.95157864358;498755.0012451305;4596293.154499327;8001875.283230542;
05-Apr-2021;3406558.037400994;113935.76941163912;498874.9175556627;4597032.316197334;8003590.353598328;3406558.037400994;113935.76941163912;498874.9175556627;4597032.316197334;8003590.353598328;
05-Apr-2021;3407532.472760642;113964.54469070549;498994.6528308987;4597770.296456632;8005302.769217274;3407532.472760642;113964.54469070549;498994.6528308987;4597770.296456632;8005302.769217274;
06-Apr-2021;3408505.4363523107;113993.27744856423;499114.2072603327;4598507.097186666;8007012.533538977;3408505.4363523107;113993.27744856423;499114.2072603327;4598507.097186666;8007012.533538977;
06-Apr-2021;3409476.929725182;114021.96771829421;499233.58103432285;4599242.72028774;8008719.6500129225;3409476.929725182;114021.96771829421;499233.58103432285;4599242.72028774;8008719.6500129225;
06-Apr-2021;3410446.9544352596;114050.6155333263;499352.7743440657;4599977.167651221;8010424.12208648;3410446.9544352596;114050.6155333263;499352.7743440657;4599977.167651221;8010424.12208648;
06-Apr-2021;3411415.512045168;114079.22092743806;499471.78738157096;4600710.441159735;8012125.953204903;3411415.512045168;114079.22092743806;499471.78738157096;4600710.441159735;8012125.953204903;
06-Apr-2021;3412382.604123951;114107.78393474838;499590.62033963756;4601442.542687378;8013825.146811329;3412382.604123951;114107.78393474838;499590.62033963756;4601442.542687378;8013825.146811329;
06-Apr-2021;3413348.232246881;114136.3045897122;499709.27341182943;4602173.474099887;8015521.706346767;3413348.232246881;114136.3045897122;499709.27341182943;4602173.474099887;8015521.706346767;
07-Apr-2021;3414312.3979952675;114164.78292711513;499827.7467924525;4602903.2372548375;8017215.6352501055;3414312.3979952675;114164.78292711513;499827.7467924525;4602903.2372548375;8017215.6352501055;
07-Apr-2021;3415275.102956276;114193.21898206805;499946.04067653226;4603631.83400183;8018906.936958105;3415275.102956276;114193.21898206805;499946.04067653226;4603631.83400183;8018906.936958105;
07-Apr-2021;3416236.3487227457;114221.6127900019;500064.1552597913;4604359.266182643;8020595.614905389;3416236.3487227457;114221.6127900019;500064.1552597913;4604359.266182643;8020595.614905389;
07-Apr-2021;3417196.1368930163;114249.96438666226;500182.0907386281;4605085.53563143;8022281.672524447;3417196.1368930163;114249.96438666226;500182.0907386281;4605085.53563143;8022281.672524447;
07-Apr-2021;3418154.4690707563;114278.27380810409;500299.847310096;4605810.64417487;8023965.113245626;3418154.4690707563;114278.27380810409;500299.847310096;4605810.64417487;8023965.113245626;
07-Apr-2021;3419111.346864797;114306.54109068641;500417.4251718826;4606534.593632328;8025645.9404971255;3419111.346864797;114306.54109068641;500417.4251718826;4606534.593632328;8025645.9404971255;
08-Apr-2021;3420066.7718889695;114334.76627106707;500534.82452229;4607257.385816023;8027324.157704992;3420066.7718889695;114334.76627106707;500534.82452229;4607257.385816023;8027324.157704992;
08-Apr-2021;3421020.7457619463;114362.94938619746;500652.045560215;4607979.022531174;8028999.768293121;3421020.7457619463;114362.94938619746;500652.045560215;4607979.022531174;8028999.768293121;
08-Apr-2021;3421973.2701070877;114391.09047331734;500769.08848513075;4608699.50557615;8030672.775683237;3421973.2701070877;114391.09047331734;500769.08848513075;4608699.50557615;8030672.775683237;
08-Apr-2021;3422924.3465522905;114419.18956994961;500885.9534970675;4609418.836742611;8032343.183294902;3422924.3465522905;114419.18956994961;500885.9534970675;4609418.836742611;8032343.183294902;
08-Apr-2021;3423873.9767298414;114447.24671389519;501002.640796595;4610137.017815661;8034010.994545502;3423873.9767298414;114447.24671389519;501002.640796595;4610137.017815661;8034010.994545502;
08-Apr-2021;3424822.162276274;114475.26194322789;501119.150584805;4610854.050573967;8035676.212850242;3424822.162276274;114475.26194322789;501119.150584805;4610854.050573967;8035676.212850242;
09-Apr-2021;3425768.9048322286;114503.23529628929;501235.4830632936;4611569.93678991;8037338.841622139;3425768.9048322286;114503.23529628929;501235.4830632936;4611569.93678991;8037338.841622139;
09-Apr-2021;3426714.2060423163;114531.16681168377;501351.63843414513;4612284.678229705;8038998.884272022;3426714.2060423163;114531.16681168377;501351.63843414513;4612284.678229705;8038998.884272022;
09-Apr-2021;3427658.0675549866;114559.05652827345;501467.6168999154;4612998.276653525;8040656.344208512;3427658.0675549866;114559.05652827345;501467.6168999154;4612998.276653525;8040656.344208512;
09-Apr-2021;3428600.4910223978;114586.90448517325;501583.4186636159;4613710.733815633;8042311.2248380305;3428600.4910223978;114586.90448517325;501583.4186636159;4613710.733815633;8042311.2248380305;
09-Apr-2021;3429541.478100291;114614.71072174597;501699.0439286984;4614422.0514644915;8043963.529564782;3429541.478100291;114614.71072174597;501699.0439286984;4614422.0514644915;8043963.529564782;
09-Apr-2021;3430481.030447867;114642.47527759742;501814.4928990398;4615132.231342883;8045613.26179075;3430481.030447867;114642.47527759742;501814.4928990398;4615132.231342883;8045613.26179075;
10-Apr-2021;3431419.1497276654;114670.19819257161;501929.76577892737;4615841.275188028;8047260.424915693;3431419.1497276654;114670.19819257161;501929.76577892737;4615841.275188028;8047260.424915693;
10-Apr-2021;3432355.8376054494;114697.87950674597;502044.86277304427;4616549.184731684;8048905.022337133;3432355.8376054494;114697.87950674597;502044.86277304427;4616549.184731684;8048905.022337133;
10-Apr-2021;3433291.0957500907;114725.51926042662;502159.78408645577;4617255.96170026;8050547.05745035;3433291.0957500907;114725.51926042662;502159.78408645577;4617255.96170026;8050547.05745035;
10-Apr-2021;3434224.9258334585;114753.11749414368;502274.5299245954;4617961.607814918;8052186.533648376;3434224.9258334585;114753.11749414368;502274.5299245954;4617961.607814918;8052186.533648376;
10-Apr-2021;3435157.3295303113;114780.67424864668;502389.1004932517;4618666.124791674;8053823.454321986;3435157.3295303113;114780.67424864668;502389.1004932517;4618666.124791674;8053823.454321986;
10-Apr-2021;3436088.3085181904;114808.1895649;502503.49599855527;4619369.514341497;8055457.822859687;3436088.3085181904;114808.1895649;502503.49599855527;4619369.514341497;8055457.822859687;
11-Apr-2021;3437017.8644773187;114835.66348407832;502617.7166469661;4620071.778170402;8057089.642647721;3437017.8644773187;114835.66348407832;502617.7166469661;4620071.778170402;8057089.642647721;
11-Apr-2021;3437945.9990904983;114863.09604756215;502731.76264526125;4620772.917979548;8058718.917070046;3437945.9990904983;114863.09604756215;502731.76264526125;4620772.917979548;8058718.917070046;
11-Apr-2021;3438872.714043014;114890.48729693348;502845.6342005226;4621472.935465321;8060345.649508335;3438872.714043014;114890.48729693348;502845.6342005226;4621472.935465321;8060345.649508335;
11-Apr-2021;3439798.011022538;114917.83727397138;502959.33152012556;4622171.832319426;8061969.843341964;3439798.011022538;114917.83727397138;502959.33152012556;4622171.832319426;8061969.843341964;
11-Apr-2021;3440721.8917190344;114945.14602064769;503072.8548117271;4622869.610228976;8063591.501948011;3440721.8917190344;114945.14602064769;503072.8548117271;4622869.610228976;8063591.501948011;
11-Apr-2021;3441644.3578246715;114972.41357912285;503186.20428325515;4623566.270876572;8065210.628701243;3441644.3578246715;114972.41357912285;503186.20428325515;4623566.270876572;8065210.628701243;
12-Apr-2021;3442565.411033732;114999.63999174161;503299.38014289725;4624261.815940372;8066827.226974104;3442565.411033732;114999.63999174161;503299.38014289725;4624261.815940372;8066827.226974104;
12-Apr-2021;3443485.0530425264;115026.82530102904;503412.3825990903;4624956.247094193;8068441.300136719;3443485.0530425264;115026.82530102904;503412.3825990903;4624956.247094193;8068441.300136719;
12-Apr-2021;3444403.2855493096;115053.9695496863;503525.21186050994;4625649.566007569;8070052.851556879;3444403.2855493096;115053.9695496863;503525.21186050994;4625649.566007569;8070052.851556879;
12-Apr-2021;3445320.1102541983;115081.07278058675;503637.8681360608;4626341.774345834;8071661.884600032;3445320.1102541983;115081.07278058675;503637.8681360608;4626341.774345834;8071661.884600032;
12-Apr-2021;3446235.528859092;115108.13503677194;503750.3516348663;4627032.873770187;8073268.402629279;3446235.528859092;115108.13503677194;503750.3516348663;4627032.873770187;8073268.402629279;
12-Apr-2021;3447149.5430675936;115135.15636144772;503862.66256625956;4627722.8659377685;8074872.409005362;3447149.5430675936;115135.15636144772;503862.66256625956;4627722.8659377685;8074872.409005362;
13-Apr-2021;3448062.1545849354;115162.13679798038;503974.8011397735;4628411.752501727;8076473.907086662;3448062.1545849354;115162.13679798038;503974.8011397735;4628411.752501727;8076473.907086662;
13-Apr-2021;3448973.3651179033;115189.07638989284;504086.7675651321;4629099.535111285;8078072.900229188;3448973.3651179033;115189.07638989284;504086.7675651321;4629099.535111285;8078072.900229188;
13-Apr-2021;3449883.176374765;115215.97518086102;504198.5620522415;4629786.215411804;8079669.391786569;3449883.176374765;115215.97518086102;504198.5620522415;4629786.215411804;8079669.391786569;
13-Apr-2021;3450791.5900652;115242.83321471003;504310.1848111813;4630471.795044843;8081263.385110043;3450791.5900652;115242.83321471003;504310.1848111813;4630471.795044843;8081263.385110043;
13-Apr-2021;3451698.60790023;115269.65053541063;504421.6360521959;4631156.275648228;8082854.883548458;3451698.60790023;115269.65053541063;504421.6360521959;4631156.275648228;8082854.883548458;
13-Apr-2021;3452604.2315921546;115296.4271870757;504532.91598568676;4631839.658856102;8084443.890448256;3452604.2315921546;115296.4271870757;504532.91598568676;4631839.658856102;8084443.890448256;
14-Apr-2021;3453508.4628544813;115323.16321395659;504644.0248222039;4632521.946298992;8086030.409153474;3453508.4628544813;115323.16321395659;504644.0248222039;4632521.946298992;8086030.409153474;
14-Apr-2021;3454411.303401866;115349.85866043984;504754.96277243836;4633203.139603855;8087614.443005721;3454411.303401866;115349.85866043984;504754.96277243836;4633203.139603855;8087614.443005721;
14-Apr-2021;3455312.7549500493;115376.51357104369;504865.7300472144;4633883.240394141;8089195.99534419;3455312.7549500493;115376.51357104369;504865.7300472144;4633883.240394141;8089195.99534419;
14-Apr-2021;3456212.819215796;115403.12799041472;504976.32685748226;4634562.25028984;8090775.069505636;3456212.819215796;115403.12799041472;504976.32685748226;4634562.25028984;8090775.069505636;
14-Apr-2021;3457111.497916836;115429.70196332462;505086.75341431063;4635240.170907537;8092351.668824374;3457111.497916836;115429.70196332462;505086.75341431063;4635240.170907537;8092351.668824374;
14-Apr-2021;3458008.7927718065;115456.23553466692;505197.0099288798;4635917.003860466;8093925.796632272;3458008.7927718065;115456.23553466692;505197.0099288798;4635917.003860466;8093925.796632272;
15-Apr-2021;3458904.705500197;115482.7287494538;505307.0966124747;4636592.750758542;8095497.456258739;3458904.705500197;115482.7287494538;505307.0966124747;4636592.750758542;8095497.456258739;
15-Apr-2021;3459799.237822293;115509.18165281301;505417.0136764781;4637267.4132084325;8097066.651030726;3459799.237822293;115509.18165281301;505417.0136764781;4637267.4132084325;8097066.651030726;
15-Apr-2021;3460692.391459123;115535.59428998474;505526.7613323642;4637940.992813584;8098633.384272708;3460692.391459123;115535.59428998474;505526.7613323642;4637940.992813584;8098633.384272708;
15-Apr-2021;3461584.1681324085;115561.96670631864;505636.3397916921;4638613.491174275;8100197.659306684;3461584.1681324085;115561.96670631864;505636.3397916921;4638613.491174275;8100197.659306684;
15-Apr-2021;3462474.5695645087;115588.29894727078;505745.7492660995;4639284.909887659;8101759.479452169;3462474.5695645087;115588.29894727078;505745.7492660995;4639284.909887659;8101759.479452169;
15-Apr-2021;3463363.597478376;115614.59105840085;505854.9899672967;4639955.250547808;8103318.848026183;3463363.597478376;115614.59105840085;505854.9899672967;4639955.250547808;8103318.848026183;
16-Apr-2021;3464251.2535975035;115640.84308536915;505964.06210706086;4640624.514745746;8104875.768343249;3464251.2535975035;115640.84308536915;505964.06210706086;4640624.514745746;8104875.768343249;
16-Apr-2021;3465137.539645881;115667.05507393388;506072.9658972298;4641292.7040695;8106430.24371538;3465137.539645881;115667.05507393388;506072.9658972298;4641292.7040695;8106430.24371538;
16-Apr-2021;3466022.4573479467;115693.22706994829;506181.7015496966;4641959.82010413;8107982.277452076;3466022.4573479467;115693.22706994829;506181.7015496966;4641959.82010413;8107982.277452076;
16-Apr-2021;3466906.008428544;115719.359119358;506290.2692764041;4642625.864431771;8109531.872860315;3466906.008428544;115719.359119358;506290.2692764041;4642625.864431771;8109531.872860315;
16-Apr-2021;3467788.194612876;115745.45126819833;506398.66928933933;4643290.83863167;8111079.0332445465;3467788.194612876;115745.45126819833;506398.66928933933;4643290.83863167;8111079.0332445465;
16-Apr-2021;3468669.0176264653;115771.50356259165;506506.9018005286;4643954.744280223;8112623.761906688;3468669.0176264653;115771.50356259165;506506.9018005286;4643954.744280223;8112623.761906688;
17-Apr-2021;3469548.479195109;115797.51604874482;506614.9670220319;4644617.582950999;8114166.062146108;3469548.479195109;115797.51604874482;506614.9670220319;4644617.582950999;8114166.062146108;
17-Apr-2021;3470426.5810448416;115823.48877294661;506722.86516593845;4645279.356214787;8115705.937259628;3470426.5810448416;115823.48877294661;506722.86516593845;4645279.356214787;8115705.937259628;
17-Apr-2021;3471303.3249018923;115849.42178156532;506830.59644436144;4645940.065639625;8117243.390541517;3471303.3249018923;115849.42178156532;506830.59644436144;4645940.065639625;8117243.390541517;
17-Apr-2021;3472178.7124926485;115875.31512104621;506938.1610694334;4646599.71279083;8118778.425283479;3472178.7124926485;115875.31512104621;506938.1610694334;4646599.71279083;8118778.425283479;
17-Apr-2021;3473052.745543617;115901.1688379092;507045.5592533015;4647258.299231027;8120311.044774644;3473052.745543617;115901.1688379092;507045.5592533015;4647258.299231027;8120311.044774644;
17-Apr-2021;3473925.425781387;115926.98297874644;507152.79120812315;4647915.826520184;8121841.252301571;3473925.425781387;115926.98297874644;507152.79120812315;4647915.826520184;8121841.252301571;
18-Apr-2021;3474796.7549325945;115952.75759022008;507259.8571460615;4648572.296215636;8123369.05114823;3474796.7549325945;115952.75759022008;507259.8571460615;4648572.296215636;8123369.05114823;
18-Apr-2021;3475666.734723888;115978.49271905993;507366.7572792811;4649227.70987212;8124894.4445960075;3475666.734723888;115978.49271905993;507366.7572792811;4649227.70987212;8124894.4445960075;
18-Apr-2021;3476535.3668818926;116004.18841206128;507473.4918199438;4649882.069041796;8126417.435923688;3476535.3668818926;116004.18841206128;507473.4918199438;4649882.069041796;8126417.435923688;
18-Apr-2021;3477402.653133178;116029.84471608273;507580.06098020455;4650535.375274277;8127938.028407455;3477402.653133178;116029.84471608273;507580.06098020455;4650535.375274277;8127938.028407455;
18-Apr-2021;3478268.5952042253;116055.461678044;507686.4649722074;4651187.63011666;8129456.225320886;3478268.5952042253;116055.461678044;507686.4649722074;4651187.63011666;8129456.225320886;
18-Apr-2021;3479133.1948213945;116081.03934492385;507792.7040080815;4651838.835113541;8130972.029934934;3479133.1948213945;116081.03934492385;507792.7040080815;4651838.835113541;8130972.029934934;
19-Apr-2021;3479996.4537108946;116106.57776375802;507898.7782999376;4652488.991807045;8132485.4455179395;3479996.4537108946;116106.57776375802;507898.7782999376;4652488.991807045;8132485.4455179395;
19-Apr-2021;3480858.373598753;116132.07698163723;508004.688059864;4653138.101736855;8133996.475335607;3480858.373598753;116132.07698163723;508004.688059864;4653138.101736855;8133996.475335607;
19-Apr-2021;3481718.9562107855;116157.53704570516;508110.433499923;4653786.166440223;8135505.122651009;3481718.9562107855;116157.53704570516;508110.433499923;4653786.166440223;8135505.122651009;
19-Apr-2021;3482578.2032725676;116182.95800315651;508216.0148321474;4654433.187452008;8137011.390724576;3482578.2032725676;116182.95800315651;508216.0148321474;4654433.187452008;8137011.390724576;
19-Apr-2021;3483436.1165094064;116208.33990123513;508321.432268537;4655079.166304688;8138515.282814094;3483436.1165094064;116208.33990123513;508321.432268537;4655079.166304688;8138515.282814094;
19-Apr-2021;3484292.697646312;116233.68278723209;508426.6860210552;4655724.10452838;8140016.802174691;3484292.697646312;116233.68278723209;508426.6860210552;4655724.10452838;8140016.802174691;
20-Apr-2021;3485147.9484079727;116258.98670848388;508531.7763016257;4656368.003650866;8141515.95205884;3485147.9484079727;116258.98670848388;508531.7763016257;4656368.003650866;8141515.95205884;
20-Apr-2021;3486001.8705187268;116284.2517123706;508636.7033221293;4657010.8651976185;8143012.735716345;3486001.8705187268;116284.2517123706;508636.7033221293;4657010.8651976185;8143012.735716345;
20-Apr-2021;3486854.4657025374;116309.47784631423;508741.46729440073;4657652.6906918045;8144507.156394342;3486854.4657025374;116309.47784631423;508741.46729440073;4657652.6906918045;8144507.156394342;
20-Apr-2021;3487705.7356829685;116334.66515777682;508846.06843022554;4658293.481654319;8145999.217337287;3487705.7356829685;116334.66515777682;508846.06843022554;4658293.481654319;8145999.217337287;
20-Apr-2021;3488555.6821831586;116359.81369425888;508950.50694133714;4658933.239603797;8147488.921786956;3488555.6821831586;116359.81369425888;508950.50694133714;4658933.239603797;8147488.921786956;
20-Apr-2021;3489404.3069257983;116384.92350329764;509054.78303941386;4659571.966056632;8148976.272982431;3489404.3069257983;116384.92350329764;509054.78303941386;4659571.966056632;8148976.272982431;
21-Apr-2021;3490251.6116331066;116409.99463246552;509158.896936076;4660209.662526998;8150461.274160104;3490251.6116331066;116409.99463246552;509158.896936076;4660209.662526998;8150461.274160104;
21-Apr-2021;3491097.5980268074;116435.02712936839;509262.84884288313;4660846.330526858;8151943.928553665;3491097.5980268074;116435.02712936839;509262.84884288313;4660846.330526858;8151943.928553665;
21-Apr-2021;3491942.2678281083;116460.02104164414;509366.6389713313;4661481.971565992;8153424.239394099;3491942.2678281083;116460.02104164414;509366.6389713313;4661481.971565992;8153424.239394099;
21-Apr-2021;3492785.622757678;116484.97641696106;509470.2675328504;4662116.587152001;8154902.209909679;3492785.622757678;116484.97641696106;509470.2675328504;4662116.587152001;8154902.209909679;
21-Apr-2021;3493627.6645356254;116509.89330301636;509573.7347388015;4662750.178790334;8156377.8433259595;3493627.6645356254;116509.89330301636;509573.7347388015;4662750.178790334;8156377.8433259595;
21-Apr-2021;3494468.3948814785;116534.77174753469;509677.0408004743;4663382.747984296;8157851.142865774;3494468.3948814785;116534.77174753469;509677.0408004743;4663382.747984296;8157851.142865774;
22-Apr-2021;3495307.815514165;116559.6117982667;509780.1859290847;4664014.296235064;8159322.111749229;3495307.815514165;116559.6117982667;509780.1859290847;4664014.296235064;8159322.111749229;
22-Apr-2021;3496145.9281519908;116584.41350298765;509883.1703357724;4664644.825041705;8160790.753193696;3496145.9281519908;116584.41350298765;509883.1703357724;4664644.825041705;8160790.753193696;
22-Apr-2021;3496982.7345126225;116609.17690949595;509985.9942315982;4665274.335901187;8162257.070413809;3496982.7345126225;116609.17690949595;509985.9942315982;4665274.335901187;8162257.070413809;
22-Apr-2021;3497818.2363130674;116633.90206561184;510088.6578275422;4665902.830308392;8163721.066621459;3497818.2363130674;116633.90206561184;510088.6578275422;4665902.830308392;8163721.066621459;
22-Apr-2021;3498652.4352696547;116658.58901917607;510191.161334501;4666530.309756129;8165182.745025784;3498652.4352696547;116658.58901917607;510191.161334501;4666530.309756129;8165182.745025784;
22-Apr-2021;3499485.3330980185;116683.23781804858;510293.50496328576;4667156.775735155;8166642.108833173;3499485.3330980185;116683.23781804858;510293.50496328576;4667156.775735155;8166642.108833173;
23-Apr-2021;3500316.9315130785;116707.84851010721;510395.68892462004;4667782.229734172;8168099.161247251;3500316.9315130785;116707.84851010721;510395.68892462004;4667782.229734172;8168099.161247251;
23-Apr-2021;3501147.2322290246;116732.42114324647;510497.7134291376;4668406.673239858;8169553.905468882;3501147.2322290246;116732.42114324647;510497.7134291376;4668406.673239858;8169553.905468882;
23-Apr-2021;3501976.2369592986;116756.95576537625;510599.57868738024;4669030.107736861;8171006.34469616;3501976.2369592986;116756.95576537625;510599.57868738024;4669030.107736861;8171006.34469616;
23-Apr-2021;3502803.9474165784;116781.45242442067;510701.28490979597;4669652.534707825;8172456.482124403;3502803.9474165784;116781.45242442067;510701.28490979597;4669652.534707825;8172456.482124403;
23-Apr-2021;3503630.365312761;116805.91116831692;510802.8323067368;4670273.955633391;8173904.320946151;3503630.365312761;116805.91116831692;510802.8323067368;4670273.955633391;8173904.320946151;
23-Apr-2021;3504455.4923589476;116830.33204501403;510904.221088457;4670894.371992213;8175349.864351161;3504455.4923589476;116830.33204501403;510904.221088457;4670894.371992213;8175349.864351161;
24-Apr-2021;3505279.3302654275;116854.7151024718;511005.45146511105;4671513.785260971;8176793.115526399;3505279.3302654275;116854.7151024718;511005.45146511105;4671513.785260971;8176793.115526399;
24-Apr-2021;3506101.8807416637;116879.06038865965;511106.5236467519;4672132.196914373;8178234.077656036;3506101.8807416637;116879.06038865965;511106.5236467519;4672132.196914373;8178234.077656036;
24-Apr-2021;3506923.145496277;116903.36795155556;511207.43784332904;4672749.608425174;8179672.753921451;3506923.145496277;116903.36795155556;511207.43784332904;4672749.608425174;8179672.753921451;
24-Apr-2021;3507743.1262370325;116927.63783914497;511308.1942646868;4673366.021264181;8181109.1475012135;3507743.1262370325;116927.63783914497;511308.1942646868;4673366.021264181;8181109.1475012135;
24-Apr-2021;3508561.824670825;116951.87009941979;511408.7931205625;4673981.436900262;8182543.261571087;3508561.824670825;116951.87009941979;511408.7931205625;4673981.436900262;8182543.261571087;
24-Apr-2021;3509379.242503666;116976.06478037732;511509.234620585;4674595.856800358;8183975.099304023;3509379.242503666;116976.06478037732;511509.234620585;4674595.856800358;8183975.099304023;
25-Apr-2021;3510195.381440668;117000.22193001928;511609.5189742727;4675209.282429489;8185404.663870158;3510195.381440668;117000.22193001928;511609.5189742727;4675209.282429489;8185404.663870158;
25-Apr-2021;3511010.243186034;117024.34159635085;511709.6463910322;4675821.71525077;8186831.958436803;3511010.243186034;117024.34159635085;511709.6463910322;4675821.71525077;8186831.958436803;
25-Apr-2021;3511823.8294430417;117048.42382737962;511809.6170801565;4676433.1567254085;8188256.98616845;3511823.8294430417;117048.42382737962;511809.6170801565;4676433.1567254085;8188256.98616845;
25-Apr-2021;3512636.1419140343;117072.46867111478;511909.4312508236;4677043.608312719;8189679.750226753;3512636.1419140343;117072.46867111478;511909.4312508236;4677043.608312719;8189679.750226753;
25-Apr-2021;3513447.1823004046;117096.47617556609;512009.08911209484;4677653.071470134;8191100.253770539;3513447.1823004046;117096.47617556609;512009.08911209484;4677653.071470134;8191100.253770539;
25-Apr-2021;3514256.952302585;117120.446388743;512108.5908729135;4678261.547653205;8192518.49995579;3514256.952302585;117120.446388743;512108.5908729135;4678261.547653205;8192518.49995579;
26-Apr-2021;3515065.4536200343;117144.37935865381;512207.93674210325;4678869.038315617;8193934.491935651;3515065.4536200343;117144.37935865381;512207.93674210325;4678869.038315617;8193934.491935651;
26-Apr-2021;3515872.687951227;117168.27513330475;512307.1269283669;4679475.544909188;8195348.232860414;3515872.687951227;117168.27513330475;512307.1269283669;4679475.544909188;8195348.232860414;
26-Apr-2021;3516678.6569936424;117192.13376069917;512406.1616402847;4680081.068883883;8196759.725877525;3516678.6569936424;117192.13376069917;512406.1616402847;4680081.068883883;8196759.725877525;
26-Apr-2021;3517483.362443751;117215.95528883667;512505.0410863133;4680685.61168782;8198168.974131571;3517483.362443751;117215.95528883667;512505.0410863133;4680685.61168782;8198168.974131571;
26-Apr-2021;3518286.8059970066;117239.73976571234;512603.76547478413;4681289.174767274;8199575.980764281;3518286.8059970066;117239.73976571234;512603.76547478413;4681289.174767274;8199575.980764281;
26-Apr-2021;3519088.989347833;117263.48723931589;512702.3350139023;4681891.759566689;8200980.748914522;3519088.989347833;117263.48723931589;512702.3350139023;4681891.759566689;8200980.748914522;
27-Apr-2021;3519889.9141896158;117287.19775763093;512800.7499117451;4682493.367528676;8202383.281718291;3519889.9141896158;117287.19775763093;512800.7499117451;4682493.367528676;8202383.281718291;
27-Apr-2021;3520689.58221469;117310.87136863417;512899.0103762609;4683094.000094024;8203783.582308714;3520689.58221469;117310.87136863417;512899.0103762609;4683094.000094024;8203783.582308714;
27-Apr-2021;3521487.9951143307;117334.50812029469;512997.1166152679;4683693.658701715;8205181.653816045;3521487.9951143307;117334.50812029469;512997.1166152679;4683693.658701715;8205181.653816045;
27-Apr-2021;3522285.1545787454;117358.10806057318;513095.0688364528;4684292.344788908;8206577.499367653;3522285.1545787454;117358.10806057318;513095.0688364528;4684292.344788908;8206577.499367653;
27-Apr-2021;3523081.0622970606;117381.67123742128;513192.8672473698;4684890.059790972;8207971.122088032;3523081.0622970606;117381.67123742128;513192.8672473698;4684890.059790972;8207971.122088032;
27-Apr-2021;3523875.719957315;117405.19769878077;513290.51205543923;4685486.805141467;8209362.525098782;3523875.719957315;117405.19769878077;513290.51205543923;4685486.805141467;8209362.525098782;
28-Apr-2021;3524669.129246449;117428.68749258299;513388.00346794666;4686082.582272168;8210751.711518617;3524669.129246449;117428.68749258299;513388.00346794666;4686082.582272168;8210751.711518617;
28-Apr-2021;3525461.291850297;117452.1406667481;513485.3416920415;4686677.392613059;8212138.684463356;3525461.291850297;117452.1406667481;513485.3416920415;4686677.392613059;8212138.684463356;
28-Apr-2021;3526252.209453576;117475.55726918444;513582.52693473606;4687271.237592344;8213523.4470459195;3526252.209453576;117475.55726918444;513582.52693473606;4687271.237592344;8213523.4470459195;
28-Apr-2021;3527041.8837398794;117498.93734778785;513679.5594029046;4687864.118636448;8214906.002376327;3527041.8837398794;117498.93734778785;513679.5594029046;4687864.118636448;8214906.002376327;
28-Apr-2021;3527830.316391668;117522.2809504411;513776.439303282;4688456.037170028;8216286.353561697;3527830.316391668;117522.2809504411;513776.439303282;4688456.037170028;8216286.353561697;
28-Apr-2021;3528617.5090902597;117545.5881250132;513873.16684246296;4689046.994615973;8217664.503706233;3528617.5090902597;117545.5881250132;513873.16684246296;4689046.994615973;8217664.503706233;
29-Apr-2021;3529403.463515824;117568.8589193588;513969.7422269009;4689636.9923954075;8219040.455911232;3529403.463515824;117568.8589193588;513969.7422269009;4689636.9923954075;8219040.455911232;
29-Apr-2021;3530188.1813473725;117592.09338131767;514066.16566290695;4690226.031927702;8220414.213275075;3530188.1813473725;117592.09338131767;514066.16566290695;4690226.031927702;8220414.213275075;
29-Apr-2021;3530971.6642627507;117615.29155871399;514162.437356649;4690814.114630473;8221785.778893224;3530971.6642627507;117615.29155871399;514162.437356649;4690814.114630473;8221785.778893224;
29-Apr-2021;3531753.913938631;117638.45349935589;514258.5575141509;4691401.241919586;8223155.155858217;3531753.913938631;117638.45349935589;514258.5575141509;4691401.241919586;8223155.155858217;
29-Apr-2021;3532534.9320505047;117661.57925103481;514354.52634129126;4691987.415209165;8224522.34725967;3532534.9320505047;117661.57925103481;514354.52634129126;4691987.415209165;8224522.34725967;
29-Apr-2021;3533314.720272675;117684.668861525;514450.34404380264;4692572.635911594;8225887.356184269;3533314.720272675;117684.668861525;514450.34404380264;4692572.635911594;8225887.356184269;
30-Apr-2021;3534093.280278249;117707.72237858296;514546.0108272708;4693156.905437521;8227250.18571577;3534093.280278249;117707.72237858296;514546.0108272708;4693156.905437521;8227250.18571577;
30-Apr-2021;3534870.613739132;117730.7398499469;514641.5268971336;4693740.225195861;8228610.838934993;3534870.613739132;117730.7398499469;514641.5268971336;4693740.225195861;8228610.838934993;
30-Apr-2021;3535646.722326018;117753.72132333624;514736.8924586803;4694322.596593801;8229969.318919819;3535646.722326018;117753.72132333624;514736.8924586803;4694322.596593801;8229969.318919819;
30-Apr-2021;3536421.607708385;117776.66684645113;514832.10771705065;4694904.021036805;8231325.62874519;3536421.607708385;117776.66684645113;514832.10771705065;4694904.021036805;8231325.62874519;
30-Apr-2021;3537195.271554488;117799.57646697189;514927.172877234;4695484.499928614;8232679.771483102;3537195.271554488;117799.57646697189;514927.172877234;4695484.499928614;8232679.771483102;
30-Apr-2021;3537967.7155313515;117822.45023255858;515022.0881440686;4696064.0346712535;8234031.7502026055;3537967.7155313515;117822.45023255858;515022.0881440686;4696064.0346712535;8234031.7502026055;
01-May-2021;3538738.941304763;117845.2881908505;515116.85372224083;4696642.626665037;8235381.5679698;3538738.941304763;117845.2881908505;515116.85372224083;4696642.626665037;8235381.5679698;
01-May-2021;3539508.950539267;117868.0903894657;515211.4698162842;4697220.277308566;8236729.227847833;3539508.950539267;117868.0903894657;515211.4698162842;4697220.277308566;8236729.227847833;
01-May-2021;3540277.74489816;117890.85687600057;515305.93663057877;4697796.987998735;8238074.732896895;3540277.74489816;117890.85687600057;515305.93663057877;4697796.987998735;8238074.732896895;
01-May-2021;3541045.326043482;117913.5876980294;515400.2543693503;4698372.760130734;8239418.086174216;3541045.326043482;117913.5876980294;515400.2543693503;4698372.760130734;8239418.086174216;
01-May-2021;3541811.6956360117;117936.28290310387;515494.4232366697;4698947.595098057;8240759.2907340685;3541811.6956360117;117936.28290310387;515494.4232366697;4698947.595098057;8240759.2907340685;
01-May-2021;3542576.8553352603;117958.94253875267;515588.44343645195;4699521.494292496;8242098.3496277565;3542576.8553352603;117958.94253875267;515588.44343645195;4699521.494292496;8242098.3496277565;
02-May-2021;3543340.8067994667;117981.5666524811;515682.3151724558;4700094.45910415;8243435.265903616;3543340.8067994667;117981.5666524811;515682.3151724558;4700094.45910415;8243435.265903616;
02-May-2021;3544103.5516855903;118004.15529177058;515776.0386482827;4700666.490921428;8244770.042607019;3544103.5516855903;118004.15529177058;515776.0386482827;4700666.490921428;8244770.042607019;
02-May-2021;3544865.0916493065;118026.70850407834;515869.61406737636;4701237.591131051;8246102.682780358;3544865.0916493065;118026.70850407834;515869.61406737636;4701237.591131051;8246102.682780358;
02-May-2021;3545625.4283450004;118049.22633683695;515963.04163302196;4701807.761118053;8247433.189463054;3545625.4283450004;118049.22633683695;515963.04163302196;4701807.761118053;8247433.189463054;
02-May-2021;3546384.5634257616;118071.70883745396;516056.3215483455;4702377.002265789;8248761.56569155;3546384.5634257616;118071.70883745396;516056.3215483455;4702377.002265789;8248761.56569155;
02-May-2021;3547142.4985433794;118094.15605331154;516149.4540163132;4702945.315955926;8250087.814499305;3547142.4985433794;118094.15605331154;516149.4540163132;4702945.315955926;8250087.814499305;
03-May-2021;3547899.2353483373;118116.56803176607;516242.43923973077;4703512.70356846;8251411.938916798;3547899.2353483373;118116.56803176607;516242.43923973077;4703512.70356846;8251411.938916798;
03-May-2021;3548654.775489808;118138.9448201478;516335.2774212429;4704079.166481713;8252733.941971521;3548654.775489808;118138.9448201478;516335.2774212429;4704079.166481713;8252733.941971521;
03-May-2021;3549409.120615648;118161.28646576044;516427.9687633325;4704644.70607233;8254053.826687978;3549409.120615648;118161.28646576044;516427.9687633325;4704644.70607233;8254053.826687978;
03-May-2021;3550162.272372393;118183.5930158809;516520.5134683203;4705209.32371529;8255371.596087683;3550162.272372393;118183.5930158809;516520.5134683203;4705209.32371529;8255371.596087683;
03-May-2021;3550914.2324052523;118205.8645177589;516612.91173836397;4705773.020783902;8256687.253189155;3550914.2324052523;118205.8645177589;516612.91173836397;4705773.020783902;8256687.253189155;
03-May-2021;3551665.0023581055;118228.10101861661;516705.1637754578;4706335.798649814;8258000.801007919;3551665.0023581055;118228.10101861661;516705.1637754578;4706335.798649814;8258000.801007919;
04-May-2021;3552414.583873497;118250.30256564832;516797.269781432;4706897.658683006;8259312.242556503;3552414.583873497;118250.30256564832;516797.269781432;4706897.658683006;8259312.242556503;
04-May-2021;3553162.978592631;118272.46920602016;516889.2299579521;4707458.602251803;8260621.580844433;3553162.978592631;118272.46920602016;516889.2299579521;4707458.602251803;8260621.580844433;
04-May-2021;3553910.188155368;118294.60098686977;516981.0445065186;4708018.6307228645;8261928.8188782325;3553910.188155368;118294.60098686977;516981.0445065186;4708018.6307228645;8261928.8188782325;
04-May-2021;3554656.214200219;118316.69795530594;517072.713628466;4708577.745461204;8263233.959661423;3554656.214200219;118316.69795530594;517072.713628466;4708577.745461204;8263233.959661423;
04-May-2021;3555401.058364343;118338.76015840836;517164.23752496287;4709135.947830173;8264537.006194516;3555401.058364343;118338.76015840836;517164.23752496287;4709135.947830173;8264537.006194516;
04-May-2021;3556144.7222835403;118360.7876432273;517255.61639701074;4709693.239191474;8265837.961475015;3556144.7222835403;118360.7876432273;517255.61639701074;4709693.239191474;8265837.961475015;
05-May-2021;3556887.207592251;118382.78045678332;517346.85044544394;4710249.62090516;8267136.828497411;3556887.207592251;118382.78045678332;517346.85044544394;4710249.62090516;8267136.828497411;
05-May-2021;3557628.515923548;118404.73864606698;517437.93987092894;4710805.094329637;8268433.610253184;3557628.515923548;118404.73864606698;517437.93987092894;4710805.094329637;8268433.610253184;
05-May-2021;3558368.648909136;118426.66225803854;517528.88487396395;4711359.66082166;8269728.309730796;3558368.648909136;118426.66225803854;517528.88487396395;4711359.66082166;8269728.309730796;
05-May-2021;3559107.6081793453;118448.55133962775;517619.6856548784;4711913.321736349;8271020.929915694;3559107.6081793453;118448.55133962775;517619.6856548784;4711913.321736349;8271020.929915694;
05-May-2021;3559845.395363128;118470.40593773348;517710.34241383226;4712466.078427173;8272311.473790301;3559845.395363128;118470.40593773348;517710.34241383226;4712466.078427173;8272311.473790301;
05-May-2021;3560582.0120880543;118492.22609922352;517800.855350816;4713017.932245969;8273599.944334024;3560582.0120880543;118492.22609922352;517800.855350816;4713017.932245969;8273599.944334024;
06-May-2021;3561317.459980311;118514.01187093434;517891.22466564964;4713568.884542931;8274886.344523242;3561317.459980311;118514.01187093434;517891.22466564964;4713568.884542931;8274886.344523242;
06-May-2021;3562051.740664694;118535.76329967074;517981.4505579826;4714118.936666615;8276170.677331309;3562051.740664694;118535.76329967074;517981.4505579826;4714118.936666615;8276170.677331309;
06-May-2021;3562784.855764607;118557.48043220572;518071.5332272932;4714668.089963948;8277452.945728555;3562784.855764607;118557.48043220572;518071.5332272932;4714668.089963948;8277452.945728555;
06-May-2021;3563516.8069020575;118579.16331528011;518161.47287288815;4715216.345780219;8278733.152682276;3563516.8069020575;118579.16331528011;518161.47287288815;4715216.345780219;8278733.152682276;
06-May-2021;3564247.5956976525;118600.81199560245;518251.26969390205;4715763.705459087;8280011.30115674;3564247.5956976525;118600.81199560245;518251.26969390205;4715763.705459087;8280011.30115674;
06-May-2021;3564977.2237705966;118622.42651984865;518340.92388929724;4716310.170342583;8281287.394113179;3564977.2237705966;118622.42651984865;518340.92388929724;4716310.170342583;8281287.394113179;
07-May-2021;3565705.692738686;118644.00693466185;518430.435657863;4716855.741771107;8282561.434509793;3565705.692738686;118644.00693466185;518430.435657863;4716855.741771107;8282561.434509793;
07-May-2021;3566433.0042183087;118665.55328665211;518519.8051982154;4717400.421083435;8283833.425301745;3566433.0042183087;118665.55328665211;518519.8051982154;4717400.421083435;8283833.425301745;
07-May-2021;3567159.159824437;118687.06562239623;518609.03270879685;4717944.20961672;8285103.369441157;3567159.159824437;118687.06562239623;518609.03270879685;4717944.20961672;8285103.369441157;
07-May-2021;3567884.161170628;118708.54398843752;518698.1183878756;4718487.1087064855;8286371.269877113;3567884.161170628;118708.54398843752;518698.1183878756;4718487.1087064855;8286371.269877113;
07-May-2021;3568608.0098690176;118729.98843128562;518787.06243354554;4719029.119686639;8287637.129555657;3568608.0098690176;118729.98843128562;518787.06243354554;4719029.119686639;8287637.129555657;
07-May-2021;3569330.7075303197;118751.39899741623;518875.8650437255;4719570.243889464;8288900.951419784;3569330.7075303197;118751.39899741623;518875.8650437255;4719570.243889464;8288900.951419784;
08-May-2021;3570052.255763821;118772.77573327094;518964.52641615923;4720110.48264563;8290162.73840945;3570052.255763821;118772.77573327094;518964.52641615923;4720110.48264563;8290162.73840945;
08-May-2021;3570772.6561773787;118794.11868525705;519053.0467484147;4720649.837284183;8291422.493461561;3570772.6561773787;118794.11868525705;519053.0467484147;4720649.837284183;8291422.493461561;
08-May-2021;3571491.9103774186;118815.4278997473;519141.4262378839;4721188.309132559;8292680.219509978;3571491.9103774186;118815.4278997473;519141.4262378839;4721188.309132559;8292680.219509978;
08-May-2021;3572210.0199689306;118836.70342307973;519229.66508178256;4721725.899516575;8293935.919485506;3572210.0199689306;118836.70342307973;519229.66508178256;4721725.899516575;8293935.919485506;
08-May-2021;3572926.986555466;118857.94530155748;519317.76347714954;4722262.609760438;8295189.5963159045;3572926.986555466;118857.94530155748;519317.76347714954;4722262.609760438;8295189.5963159045;
08-May-2021;3573642.8117391355;118879.15358144861;519405.7216208467;4722798.441186743;8296441.252925878;3573642.8117391355;118879.15358144861;519405.7216208467;4722798.441186743;8296441.252925878;
09-May-2021;3574357.497120606;118900.3283089859;519493.5397095585;4723333.395116473;8297690.892237078;3574357.497120606;118900.3283089859;519493.5397095585;4723333.395116473;8297690.892237078;
09-May-2021;3575071.044299097;118921.46953036665;519581.21793979156;4723867.472869;8298938.517168097;3575071.044299097;118921.46953036665;519581.21793979156;4723867.472869;8298938.517168097;
09-May-2021;3575783.4548723786;118942.57729175255;519668.75650787447;4724400.675762098;8300184.130634477;3575783.4548723786;118942.57729175255;519668.75650787447;4724400.675762098;8300184.130634477;
09-May-2021;3576494.73043677;118963.65163926948;519756.1556099573;4724933.005111924;8301427.735548695;3576494.73043677;118963.65163926948;519756.1556099573;4724933.005111924;8301427.735548695;
09-May-2021;3577204.872587134;118984.69261900733;519843.41544201144;4725464.462233037;8302669.334820171;3577204.872587134;118984.69261900733;519843.41544201144;4725464.462233037;8302669.334820171;
09-May-2021;3577913.8829168775;119005.70027701985;519930.5361998292;4725995.048438385;8303908.931355262;3577913.8829168775;119005.70027701985;519930.5361998292;4725995.048438385;8303908.931355262;
10-May-2021;3578621.7630179464;119026.67465932448;520017.51807902346;4726524.765039322;8305146.528057268;3578621.7630179464;119026.67465932448;520017.51807902346;4726524.765039322;8305146.528057268;
10-May-2021;3579328.5144808246;119047.61581190219;520104.36127502745;4727053.613345594;8306382.127826419;3579328.5144808246;119047.61581190219;520104.36127502745;4727053.613345594;8306382.127826419;
10-May-2021;3580034.138894531;119068.5237806973;520191.06598309433;4727581.59466535;8307615.733559881;3580034.138894531;119068.5237806973;520191.06598309433;4727581.59466535;8307615.733559881;
10-May-2021;3580738.637846617;119089.39861161739;520277.632398297;4728108.710305144;8308847.348151761;3580738.637846617;119089.39861161739;520277.632398297;4728108.710305144;8308847.348151761;
10-May-2021;3581442.0129231648;119110.24035053304;520364.0607155278;4728634.961569922;8310076.974493087;3581442.0129231648;119110.24035053304;520364.0607155278;4728634.961569922;8310076.974493087;
10-May-2021;3582144.2657087836;119131.0490432778;520450.3511294981;4729160.349763047;8311304.615471831;3582144.2657087836;119131.0490432778;520450.3511294981;4729160.349763047;8311304.615471831;
11-May-2021;3582845.397786609;119151.82473564794;520536.5038347381;4729684.876186273;8312530.273972882;3582845.397786609;119151.82473564794;520536.5038347381;4729684.876186273;8312530.273972882;
11-May-2021;3583545.410738299;119172.56747340238;520622.5190255966;4730208.54213977;8313753.952878069;3583545.410738299;119172.56747340238;520622.5190255966;4730208.54213977;8313753.952878069;
11-May-2021;3584244.306144034;119193.27730226249;520708.39689624065;4730731.348922111;8314975.655066145;3584244.306144034;119193.27730226249;520708.39689624065;4730731.348922111;8314975.655066145;
11-May-2021;3584942.085582512;119213.95426791199;520794.1376406553;4731253.297830277;8316195.38341279;3584942.085582512;119213.95426791199;520794.1376406553;4731253.297830277;8316195.38341279;
11-May-2021;3585638.7506309478;119234.59841599682;520879.74145264324;4731774.390159662;8317413.14079061;3585638.7506309478;119234.59841599682;520879.74145264324;4731774.390159662;8317413.14079061;
11-May-2021;3586334.3028650708;119255.20979212495;520965.2085258248;4732294.627204065;8318628.930069136;3586334.3028650708;119255.20979212495;520965.2085258248;4732294.627204065;8318628.930069136;
12-May-2021;3587028.743859123;119275.78844186633;521050.5390536374;4732814.010255703;8319842.754114826;3587028.743859123;119275.78844186633;521050.5390536374;4732814.010255703;8319842.754114826;
12-May-2021;3587722.0751858563;119296.33441075268;521135.7332293354;4733332.5406051995;8321054.615791055;3587722.0751858563;119296.33441075268;521135.7332293354;4733332.5406051995;8321054.615791055;
12-May-2021;3588414.298416531;119316.84774427742;521220.79124598985;4733850.219541594;8322264.517958125;3588414.298416531;119316.84774427742;521220.79124598985;4733850.219541594;8322264.517958125;
12-May-2021;3589105.415120914;119337.3284878955;521305.7132964883;4734367.048352343;8323472.463473258;3589105.415120914;119337.3284878955;521305.7132964883;4734367.048352343;8323472.463473258;
12-May-2021;3589795.426867276;119357.77668702333;521390.4995735345;4734883.028323317;8324678.455190593;3589795.426867276;119357.77668702333;521390.4995735345;4734883.028323317;8324678.455190593;
12-May-2021;3590484.33522239;119378.19238703864;521475.1502696481;4735398.1607388025;8325882.495961193;3590484.33522239;119378.19238703864;521475.1502696481;4735398.1607388025;8325882.495961193;
13-May-2021;3591172.141751529;119398.5756332803;521559.6655771646;4735912.446881508;8327084.588633038;3591172.141751529;119398.5756332803;521559.6655771646;4735912.446881508;8327084.588633038;
13-May-2021;3591858.848018466;119418.92647104831;521644.0456882349;4736425.888032559;8328284.736051025;3591858.848018466;119418.92647104831;521644.0456882349;4736425.888032559;8328284.736051025;
13-May-2021;3592544.4555854686;119439.24494560363;521728.29079482524;4736938.485471498;8329482.941056967;3592544.4555854686;119439.24494560363;521728.29079482524;4736938.485471498;8329482.941056967;
13-May-2021;3593228.9660133007;119459.53110216802;521812.40108871687;4737450.2404762935;8330679.206489594;3593228.9660133007;119459.53110216802;521812.40108871687;4737450.2404762935;8330679.206489594;
13-May-2021;3593912.3808612186;119479.78498592405;521896.37676150585;4737961.154323333;8331873.535184552;3593912.3808612186;119479.78498592405;521896.37676150585;4737961.154323333;8331873.535184552;
13-May-2021;3594594.70168697;119500.00664201488;521980.2180046029;4738471.22828743;8333065.9299743995;3594594.70168697;119500.00664201488;521980.2180046029;4738471.22828743;8333065.9299743995;
14-May-2021;3595275.9300467917;119520.19611554421;522063.925009233;4738980.463641821;8334256.393688613;3595275.9300467917;119520.19611554421;522063.925009233;4738980.463641821;8334256.393688613;
14-May-2021;3595956.067495409;119540.35345157616;522147.4979664355;4739488.861658166;8335444.929153576;3595956.067495409;119540.35345157616;522147.4979664355;4739488.861658166;8335444.929153576;
14-May-2021;3596635.1155860326;119560.47869513517;522230.93706706364;4739996.423606556;8336631.539192589;3596635.1155860326;119560.47869513517;522230.93706706364;4739996.423606556;8336631.539192589;
14-May-2021;3597313.075870358;119580.57189120591;522314.2425017844;4740503.150755505;8337816.226625863;3597313.075870358;119580.57189120591;522314.2425017844;4740503.150755505;8337816.226625863;
14-May-2021;3597989.9498985633;119600.63308473316;522397.4144610784;4741009.044371958;8338998.994270521;3597989.9498985633;119600.63308473316;522397.4144610784;4741009.044371958;8338998.994270521;
14-May-2021;3598665.7392193084;119620.66232062172;522480.4531352396;4741514.105721288;8340179.844940596;3598665.7392193084;119620.66232062172;522480.4531352396;4741514.105721288;8340179.844940596;
15-May-2021;3599340.445379732;119640.65964373635;522563.3587143751;4742018.3360672975;8341358.78144703;3599340.445379732;119640.65964373635;522563.3587143751;4742018.3360672975;8341358.78144703;
15-May-2021;3600014.069925451;119660.6250989016;522646.13138840505;4742521.736672223;8342535.806597673;3600014.069925451;119660.6250989016;522646.13138840505;4742521.736672223;8342535.806597673;
15-May-2021;3600686.6144005596;119680.55873090179;522728.7713470624;4743024.308796729;8343710.923197289;3600686.6144005596;119680.55873090179;522728.7713470624;4743024.308796729;8343710.923197289;
15-May-2021;3601358.080347626;119700.4605844809;522811.2787798926;4743526.05369992;8344884.134047546;3601358.080347626;119700.4605844809;522811.2787798926;4743526.05369992;8344884.134047546;
15-May-2021;3602028.4693076923;119720.33070434244;522893.65387625375;4744026.97263933;8346055.4419470215;3602028.4693076923;119720.33070434244;522893.65387625375;4744026.97263933;8346055.4419470215;
15-May-2021;3602697.7828202727;119740.16913514945;522975.896825316;4744527.066870928;8347224.8496912;3602697.7828202727;119740.16913514945;522975.896825316;4744527.066870928;8347224.8496912;
16-May-2021;3603366.0224233526;119759.97592152431;523058.0078160617;4745026.337649119;8348392.360072472;3603366.0224233526;119759.97592152431;523058.0078160617;4745026.337649119;8348392.360072472;
16-May-2021;3604033.189653386;119779.75110804873;523139.9870372851;4745524.7862267485;8349557.975880136;3604033.189653386;119779.75110804873;523139.9870372851;4745524.7862267485;8349557.975880136;
16-May-2021;3604699.2860452947;119799.49473926364;523221.8346775921;4746022.413855099;8350721.699900394;3604699.2860452947;119799.49473926364;523221.8346775921;4746022.413855099;8350721.699900394;
16-May-2021;3605364.313132467;119819.20685966911;523303.5509254002;4746519.221783891;8351883.534916358;3605364.313132467;119819.20685966911;523303.5509254002;4746519.221783891;8351883.534916358;
16-May-2021;3606028.2724467576;119838.88751372427;523385.1359689384;4747015.211261284;8353043.483708041;3606028.2724467576;119838.88751372427;523385.1359689384;4747015.211261284;8353043.483708041;
16-May-2021;3606691.165518483;119858.53674584726;523466.58999624685;4747510.38353388;8354201.549052363;3606691.165518483;119858.53674584726;523466.58999624685;4747510.38353388;8354201.549052363;
17-May-2021;3607352.993876424;119878.15460041509;523547.9131951768;4748004.739846724;8355357.733723149;3607352.993876424;119878.15460041509;523547.9131951768;4748004.739846724;8355357.733723149;
17-May-2021;3608013.7590478216;119897.74112176363;523629.10575339047;4748498.281443302;8356512.040491124;3608013.7590478216;119897.74112176363;523629.10575339047;4748498.281443302;8356512.040491124;
17-May-2021;3608673.4625583775;119917.29635418748;523710.16785836074;4748991.009565545;8357664.472123923;3608673.4625583775;119917.29635418748;523710.16785836074;4748991.009565545;8357664.472123923;
17-May-2021;3609332.105932252;119936.82034193995;523791.09969737125;4749482.925453829;8358815.031386081;3609332.105932252;119936.82034193995;523791.09969737125;4749482.925453829;8358815.031386081;
17-May-2021;3609989.6906920625;119956.31312923295;523871.90145751607;4749974.030346975;8359963.721039037;3609989.6906920625;119956.31312923295;523871.90145751607;4749974.030346975;8359963.721039037;
17-May-2021;3610646.2183588836;119975.77476023692;523952.5733256996;4750464.32548225;8361110.543841134;3610646.2183588836;119975.77476023692;523952.5733256996;4750464.32548225;8361110.543841134;
18-May-2021;3611301.690452245;119995.2052790808;524033.11548863637;4750953.81209537;8362255.502547615;3611301.690452245;119995.2052790808;524033.11548863637;4750953.81209537;8362255.502547615;
18-May-2021;3611956.10849013;120014.60472985188;524113.528132851;4751442.491420501;8363398.599910631;3611956.10849013;120014.60472985188;524113.528132851;4751442.491420501;8363398.599910631;
18-May-2021;3612609.473988975;120033.97315659585;524193.81144467805;4751930.364690256;8364539.838679231;3612609.473988975;120033.97315659585;524193.81144467805;4751930.364690256;8364539.838679231;
18-May-2021;3613261.788463669;120053.31060331664;524273.9656102618;4752417.433135698;8365679.2215993665;3613261.788463669;120053.31060331664;524273.9656102618;4752417.433135698;8365679.2215993665;
18-May-2021;3613913.0534275505;120072.61711397638;524353.9908155561;4752903.697986346;8366816.751413896;3613913.0534275505;120072.61711397638;524353.9908155561;4752903.697986346;8366816.751413896;
18-May-2021;3614563.270392409;120091.89273249534;524433.8872463246;4753389.160470164;8367952.430862573;3614563.270392409;120091.89273249534;524433.8872463246;4753389.160470164;8367952.430862573;
19-May-2021;3615212.4408684825;120111.1375027519;524513.6550881399;4753873.821813575;8369086.262682057;3615212.4408684825;120111.1375027519;524513.6550881399;4753873.821813575;8369086.262682057;
19-May-2021;3615860.5663644555;120130.35146858242;524593.2945263842;4754357.683241456;8370218.249605911;3615860.5663644555;120130.35146858242;524593.2945263842;4754357.683241456;8370218.249605911;
19-May-2021;3616507.64838746;120149.53467378124;524672.8057462487;4754840.745977136;8371348.394364596;3616507.64838746;120149.53467378124;524672.8057462487;4754840.745977136;8371348.394364596;
19-May-2021;3617153.688443074;120168.68716210058;524752.1889327336;4755323.011242405;8372476.699685479;3617153.688443074;120168.68716210058;524752.1889327336;4755323.011242405;8372476.699685479;
19-May-2021;3617798.6880353196;120187.80897725053;524831.444270648;4755804.480257504;8373603.168292823;3617798.6880353196;120187.80897725053;524831.444270648;4755804.480257504;8373603.168292823;
19-May-2021;3618442.648666662;120206.90016289894;524910.5719446096;4756285.154241135;8374727.8029077975;3618442.648666662;120206.90016289894;524910.5719446096;4756285.154241135;8374727.8029077975;
20-May-2021;3619085.571838011;120225.96076267137;524989.5721390452;4756765.034410463;8375850.606248474;3619085.571838011;120225.96076267137;524989.5721390452;4756765.034410463;8375850.606248474;
20-May-2021;3619727.459048717;120244.9908201511;525068.4450381896;4757244.121981105;8376971.581029821;3619727.459048717;120244.9908201511;525068.4450381896;4757244.121981105;8376971.581029821;
20-May-2021;3620368.3117965707;120263.99037887898;525147.1908260864;4757722.418167145;8378090.729963715;3620368.3117965707;120263.99037887898;525147.1908260864;4757722.418167145;8378090.729963715;
20-May-2021;3621008.1315778047;120282.95948235346;525225.8096865875;4758199.924181124;8379208.055758929;3621008.1315778047;120282.95948235346;525225.8096865875;4758199.924181124;8379208.055758929;
20-May-2021;3621646.9198870896;120301.89817403047;525304.3018033529;4758676.641234051;8380323.561121141;3621646.9198870896;120301.89817403047;525304.3018033529;4758676.641234051;8380323.561121141;
20-May-2021;3622284.6782175344;120320.80649732343;525382.6673598506;4759152.570535394;8381437.248752928;3622284.6782175344;120320.80649732343;525382.6673598506;4759152.570535394;8381437.248752928;
21-May-2021;3622921.408060686;120339.68449560314;525460.9065393568;4759627.713293089;8382549.121353774;3622921.408060686;120339.68449560314;525460.9065393568;4759627.713293089;8382549.121353774;
21-May-2021;3623557.1109065283;120358.53221219778;525539.0195249557;4760102.070713532;8383659.1816200605;3623557.1109065283;120358.53221219778;525539.0195249557;4760102.070713532;8383659.1816200605;
21-May-2021;3624191.78824348;120377.34969039283;525617.006499539;4760575.644001596;8384767.432245076;3624191.78824348;120377.34969039283;525617.006499539;4760575.644001596;8384767.432245076;
21-May-2021;3624825.441558396;120396.13697343104;525694.8676458064;4761048.434360608;8385873.875919005;3624825.441558396;120396.13697343104;525694.8676458064;4761048.434360608;8385873.875919005;
21-May-2021;3625458.0723365652;120414.89410451236;525772.603146265;4761520.442992376;8386978.515328941;3625458.0723365652;120414.89410451236;525772.603146265;4761520.442992376;8386978.515328941;
21-May-2021;3626089.6820617104;120433.62112679395;525850.2131832297;4761991.671097167;8388081.353158877;3626089.6820617104;120433.62112679395;525850.2131832297;4761991.671097167;8388081.353158877;
22-May-2021;3626720.2722159866;120452.31808339004;525927.6979388226;4762462.119873726;8389182.392089713;3626720.2722159866;120452.31808339004;525927.6979388226;4762462.119873726;8389182.392089713;
22-May-2021;3627349.8442799817;120470.98501737199;526005.0575949731;4762931.790519262;8390281.634799244;3627349.8442799817;120470.98501737199;526005.0575949731;4762931.790519262;8390281.634799244;
22-May-2021;3627978.3997327145;120489.62197176815;526082.2923334183;4763400.684229463;8391379.083962178;3627978.3997327145;120489.62197176815;526082.2923334183;4763400.684229463;8391379.083962178;
22-May-2021;3628605.9400516353;120508.22898956391;526159.4023357019;4763868.802198486;8392474.742250122;3628605.9400516353;120508.22898956391;526159.4023357019;4763868.802198486;8392474.742250122;
22-May-2021;3629232.466712624;120526.80611370158;526236.387783175;4764336.145618963;8393568.612331588;3629232.466712624;120526.80611370158;526236.387783175;4764336.145618963;8393568.612331588;
22-May-2021;3629857.98118999;120545.35338708037;526313.2488569958;4764802.715682003;8394660.696871992;3629857.98118999;120545.35338708037;526313.2488569958;4764802.715682003;8394660.696871992;
23-May-2021;3630482.4849564717;120563.87085255639;526389.9857381294;4765268.513577183;8395750.998533655;3630482.4849564717;120563.87085255639;526389.9857381294;4765268.513577183;8395750.998533655;
23-May-2021;3631105.979483235;120582.35855294256;526466.5986073475;4765733.540492568;8396839.519975804;3631105.979483235;120582.35855294256;526466.5986073475;4765733.540492568;8396839.519975804;
23-May-2021;3631728.4662398747;120600.8165310086;526543.0876452288;4766197.7976146955;8397926.26385457;3631728.4662398747;120600.8165310086;526543.0876452288;4766197.7976146955;8397926.26385457;
23-May-2021;3632349.9466944113;120619.24482948097;526619.4530321588;4766661.28612858;8399011.23282299;3632349.9466944113;120619.24482948097;526619.4530321588;4766661.28612858;8399011.23282299;
23-May-2021;3632970.4223132925;120637.64349104287;526695.6949483294;4767124.007217716;8400094.429531008;3632970.4223132925;120637.64349104287;526695.6949483294;4767124.007217716;8400094.429531008;
23-May-2021;3633589.894561392;120656.01255833411;526771.8135737393;4767585.962064084;8401175.856625475;3633589.894561392;120656.01255833411;526771.8135737393;4767585.962064084;8401175.856625475;
24-May-2021;3634208.3649020074;120674.35207395123;526847.8090881936;4768047.151848139;8402255.516750146;3634208.3649020074;120674.35207395123;526847.8090881936;4768047.151848139;8402255.516750146;
24-May-2021;3634825.834796862;120692.6620804473;526923.6816713038;4768507.577748826;8403333.412545687;3634825.834796862;120692.6620804473;526923.6816713038;4768507.577748826;8403333.412545687;
24-May-2021;3635442.3057061043;120710.94262033202;526999.4315024879;4768967.240943564;8404409.546649668;3635442.3057061043;120710.94262033202;526999.4315024879;4768967.240943564;8404409.546649668;
24-May-2021;3636057.7790883044;120729.19373607157;527075.0587609699;4769426.142608267;8405483.921696572;3636057.7790883044;120729.19373607157;527075.0587609699;4769426.142608267;8405483.921696572;
24-May-2021;3636672.256400457;120747.41547008866;527150.5636257805;4769884.283917328;8406556.540317785;3636672.256400457;120747.41547008866;527150.5636257805;4769884.283917328;8406556.540317785;
24-May-2021;3637285.73909798;120765.60786476245;527225.9462757563;4770341.666043627;8407627.405141607;3637285.73909798;120765.60786476245;527225.9462757563;4770341.666043627;8407627.405141607;
25-May-2021;3637898.2286347114;120783.77096242858;527301.2068895401;4770798.290158533;8408696.518793244;3637898.2286347114;120783.77096242858;527301.2068895401;4770798.290158533;8408696.518793244;
25-May-2021;3638509.7264629127;120801.90480537905;527376.3456455807;4771254.157431902;8409763.883894816;3638509.7264629127;120801.90480537905;527376.3456455807;4771254.157431902;8409763.883894816;
25-May-2021;3639120.234033267;120820.00943586224;527451.3627221329;4771709.269032083;8410829.50306535;3639120.234033267;120820.00943586224;527451.3627221329;4771709.269032083;8410829.50306535;
25-May-2021;3639729.7527948767;120838.08489608292;527526.2582972578;4772163.62612591;8411893.378920788;3639729.7527948767;120838.08489608292;527526.2582972578;4772163.62612591;8411893.378920788;
25-May-2021;3640338.284195266;120856.1312282021;527601.032548822;4772617.229878712;8412955.51407398;3640338.284195266;120856.1312282021;527601.032548822;4772617.229878712;8412955.51407398;
25-May-2021;3640945.8296803795;120874.14847433711;527675.6856544982;4773070.08145431;8414015.911134688;3640945.8296803795;120874.14847433711;527675.6856544982;4773070.08145431;8414015.911134688;
26-May-2021;3641552.3906945796;120892.13667656154;527750.2177917648;4773522.182015014;8415074.572709594;3641552.3906945796;120892.13667656154;527750.2177917648;4773522.182015014;8415074.572709594;
26-May-2021;3642157.96868065;120910.0958769052;527824.6291379059;4773973.532721633;8416131.501402283;3642157.96868065;120910.0958769052;527824.6291379059;4773973.532721633;8416131.501402283;
26-May-2021;3642762.565079792;120928.0261173541;527898.9198700116;4774424.134733473;8417186.699813263;3642762.565079792;120928.0261173541;527898.9198700116;4774424.134733473;8417186.699813263;
26-May-2021;3643366.181331626;120945.92743985042;527973.0901649775;4774873.9892083295;8418240.170539955;3643366.181331626;120945.92743985042;527973.0901649775;4774873.9892083295;8418240.170539955;
26-May-2021;3643968.8188741915;120963.79988629249;528047.1401995048;4775323.097302501;8419291.916176692;3643968.8188741915;120963.79988629249;528047.1401995048;4775323.097302501;8419291.916176692;
26-May-2021;3644570.479143944;120981.64349853474;528121.0701501004;4775771.460170781;8420341.939314725;3644570.479143944;120981.64349853474;528121.0701501004;4775771.460170781;8420341.939314725;
27-May-2021;3645171.163575758;120999.45831838774;528194.8801930767;4776219.078966463;8421390.242542222;3645171.163575758;120999.45831838774;528194.8801930767;4776219.078966463;8421390.242542222;
27-May-2021;3645770.8736029253;121017.24438761809;528268.5705045516;4776665.954841343;8422436.828444269;3645770.8736029253;121017.24438761809;528268.5705045516;4776665.954841343;8422436.828444269;
27-May-2021;3646369.6106571537;121035.00174794845;528342.1412604486;4777112.088945713;8423481.699602867;3646369.6106571537;121035.00174794845;528342.1412604486;4777112.088945713;8423481.699602867;
27-May-2021;3646967.3761685686;121052.7304410575;528415.5926364965;4777557.482428372;8424524.85859694;3646967.3761685686;121052.7304410575;528415.5926364965;4777557.482428372;8424524.85859694;
27-May-2021;3647564.1715657115;121070.43050857991;528488.9248082296;4778002.13643662;8425566.30800233;3647564.1715657115;121070.43050857991;528488.9248082296;4778002.13643662;8425566.30800233;
27-May-2021;3648159.9982755403;121088.10199210634;528562.1379509874;4778446.052116262;8426606.050391803;3648159.9982755403;121088.10199210634;528562.1379509874;4778446.052116262;8426606.050391803;
28-May-2021;3648754.8577234284;121105.74493318339;528635.2322399153;4778889.230611605;8427644.088335034;3648754.8577234284;121105.74493318339;528635.2322399153;4778889.230611605;8427644.088335034;
28-May-2021;3649348.751333165;121123.35937331362;528708.2078499633;4779331.673065468;8428680.424398633;3649348.751333165;121123.35937331362;528708.2078499633;4779331.673065468;8428680.424398633;
28-May-2021;3649941.680526955;121140.94535395547;528781.0649558873;4779773.380619175;8429715.061146129;3649941.680526955;121140.94535395547;528781.0649558873;4779773.380619175;8429715.061146129;
28-May-2021;3650533.6467254185;121158.50291652327;528853.803732248;4780214.354412554;8430748.001137972;3650533.6467254185;121158.50291652327;528853.803732248;4780214.354412554;8430748.001137972;
28-May-2021;3651124.65134759;121176.03210238725;528926.4243534117;4780654.595583946;8431779.246931536;3651124.65134759;121176.03210238725;528926.4243534117;4780654.595583946;8431779.246931536;
28-May-2021;3651714.69581092;121193.53295287347;528998.9269935497;4781094.105270204;8432808.801081123;3651714.69581092;121193.53295287347;528998.9269935497;4781094.105270204;8432808.801081123;
29-May-2021;3652303.781531273;121211.00550926382;529071.3118266385;4781532.884606687;8433836.666137962;3652303.781531273;121211.00550926382;529071.3118266385;4781532.884606687;8433836.666137962;
29-May-2021;3652891.9099229276;121228.44981279601;529143.5790264601;4781970.934727271;8434862.844650198;3652891.9099229276;121228.44981279601;529143.5790264601;4781970.934727271;8434862.844650198;
29-May-2021;3653479.0823985776;121245.86590466353;529215.7287666012;4782408.256764344;8435887.33916292;3653479.0823985776;121245.86590466353;529215.7287666012;4782408.256764344;8435887.33916292;
29-May-2021;3654065.3003693307;121263.25382601567;529287.761220454;4782844.851848805;8436910.152218135;3654065.3003693307;121263.25382601567;529287.761220454;4782844.851848805;8436910.152218135;
29-May-2021;3654650.5652447087;121280.61361795747;529359.6765612157;4783280.721110072;8437931.28635478;3654650.5652447087;121280.61361795747;529359.6765612157;4783280.721110072;8437931.28635478;
29-May-2021;3655234.878432647;121297.94532154969;529431.4749618885;4783715.865676077;8438950.744108725;3655234.878432647;121297.94532154969;529431.4749618885;4783715.865676077;8438950.744108725;
30-May-2021;3655818.2413394945;121315.24897780885;529503.1565952799;4784150.286673275;8439968.52801277;3655818.2413394945;121315.24897780885;529503.1565952799;4784150.286673275;8439968.52801277;
30-May-2021;3656400.655370015;121332.52462770714;529574.7216340023;4784583.985226631;8440984.640596645;3656400.655370015;121332.52462770714;529574.7216340023;4784583.985226631;8440984.640596645;
30-May-2021;3656982.121927385;121349.77231217248;529646.1702504732;4785016.962459633;8441999.08438702;3656982.121927385;121349.77231217248;529646.1702504732;4785016.962459633;8441999.08438702;
30-May-2021;3657562.642413195;121366.99207208847;529717.5026169153;4785449.219494292;8443011.861907486;3657562.642413195;121366.99207208847;529717.5026169153;4785449.219494292;8443011.861907486;
30-May-2021;3658142.2182274484;121384.18394829435;529788.7189053562;4785880.757451137;8444022.975678585;3658142.2182274484;121384.18394829435;529788.7189053562;4785880.757451137;8444022.975678585;
30-May-2021;3658720.8507685624;121401.347981585;529859.8192876288;4786311.577449221;8445032.428217785;3658720.8507685624;121401.347981585;529859.8192876288;4786311.577449221;8445032.428217785;
31-May-2021;3659298.5414333674;121418.48421271097;529930.8039353705;4786741.680606122;8446040.222039487;3659298.5414333674;121418.48421271097;529930.8039353705;4786741.680606122;8446040.222039487;
31-May-2021;3659875.291617107;121435.59268237841;530001.6730200243;4787171.068037938;8447046.359655045;3659875.291617107;121435.59268237841;530001.6730200243;4787171.068037938;8447046.359655045;
31-May-2021;3660451.1027134387;121452.67343124909;530072.4267128379;4787599.740859297;8448050.843572738;3660451.1027134387;121452.67343124909;530072.4267128379;4787599.740859297;8448050.843572738;
31-May-2021;3661025.9761144323;121469.72649994037;530143.0651848641;4788027.700183353;8449053.676297786;3661025.9761144323;121469.72649994037;530143.0651848641;4788027.700183353;8449053.676297786;
31-May-2021;3661599.9132105713;121486.7519290252;530213.5886069607;4788454.947121788;8450054.860332359;3661599.9132105713;121486.7519290252;530213.5886069607;4788454.947121788;8450054.860332359;
31-May-2021;3662172.9153907527;121503.74975903207;530283.9971497908;4788881.482784809;8451054.39817556;3662172.9153907527;121503.74975903207;530283.9971497908;4788881.482784809;8451054.39817556;
01-Jun-2021;3662744.984042286;121520.72003044508;530354.290983822;4789307.308281155;8452052.29232344;3662744.984042286;121520.72003044508;530354.290983822;4789307.308281155;8452052.29232344;
01-Jun-2021;3663316.1205508946;121537.66278370385;530424.4702793272;4789732.424718099;8453048.545268994;3663316.1205508946;121537.66278370385;530424.4702793272;4789732.424718099;8453048.545268994;
01-Jun-2021;3663886.3263007146;121554.57805920354;530494.5352063846;4790156.833201445;8454043.15950216;3663886.3263007146;121554.57805920354;530494.5352063846;4790156.833201445;8454043.15950216;
01-Jun-2021;3664455.6026742957;121571.46589729485;530564.485934877;4790580.534835524;8455036.137509821;3664455.6026742957;121571.46589729485;530564.485934877;4790580.534835524;8455036.137509821;
01-Jun-2021;3665023.951052601;121588.326338284;530634.3226344923;4791003.53072321;8456027.481775811;3665023.951052601;121588.326338284;530634.3226344923;4791003.53072321;8456027.481775811;
01-Jun-2021;3665591.372815007;121605.15942243267;530704.0454747237;4791425.821965905;8457017.194780912;3665591.372815007;121605.15942243267;530704.0454747237;4791425.821965905;8457017.194780912;
02-Jun-2021;3666157.8693393036;121621.96518995811;530773.6546248692;4791847.40966355;8458005.279002855;3666157.8693393036;121621.96518995811;530773.6546248692;4791847.40966355;8458005.279002855;
02-Jun-2021;3666723.442001694;121638.74368103303;530843.1502540321;4792268.2949146265;8458991.73691632;3666723.442001694;121638.74368103303;530843.1502540321;4792268.2949146265;8458991.73691632;
02-Jun-2021;3667288.092176795;121655.4949357856;530912.5325311205;4792688.478816147;8459976.570992943;3667288.092176795;121655.4949357856;530912.5325311205;4792688.478816147;8459976.570992943;
02-Jun-2021;3667851.8212376377;121672.21899429949;530981.8016248476;4793107.962463669;8460959.783701306;3667851.8212376377;121672.21899429949;530981.8016248476;4793107.962463669;8460959.783701306;
02-Jun-2021;3668414.630555666;121688.91589661383;531050.957703732;4793526.746951289;8461941.377506955;3668414.630555666;121688.91589661383;531050.957703732;4793526.746951289;8461941.377506955;
02-Jun-2021;3668976.521500739;121705.58568272322;531120.000936097;4793944.833371645;8462921.354872381;3668976.521500739;121705.58568272322;531120.000936097;4793944.833371645;8462921.354872381;
03-Jun-2021;3669537.495441128;121722.22839257769;531188.9314900714;4794362.222815917;8463899.718257044;3669537.495441128;121722.22839257769;531188.9314900714;4794362.222815917;8463899.718257044;
03-Jun-2021;3670097.5537435203;121738.8440660827;531257.7495335888;4794778.916373828;8464876.47011735;3670097.5537435203;121738.8440660827;531257.7495335888;4794778.916373828;8464876.47011735;
03-Jun-2021;3670656.6977730165;121755.4327430992;531326.4552343881;4795194.91513365;8465851.612906668;3670656.6977730165;121755.4327430992;531326.4552343881;4795194.91513365;8465851.612906668;
03-Jun-2021;3671214.9288931317;121771.99446344352;531395.0487600134;4795610.220182199;8466825.149075331;3671214.9288931317;121771.99446344352;531395.0487600134;4795610.220182199;8466825.149075331;
03-Jun-2021;3671772.2484657955;121788.52926688746;531463.530277814;4796024.832604836;8467797.081070632;3671772.2484657955;121788.52926688746;531463.530277814;4796024.832604836;8467797.081070632;
03-Jun-2021;3672328.6578513524;121805.0371931582;531531.8999549444;4796438.753485469;8468767.411336822;3672328.6578513524;121805.0371931582;531531.8999549444;4796438.753485469;8468767.411336822;
04-Jun-2021;3672884.1584085617;121821.51828193836;531600.1579583641;4796851.983906561;8469736.142315121;3672884.1584085617;121821.51828193836;531600.1579583641;4796851.983906561;8469736.142315121;
04-Jun-2021;3673438.751494598;121837.97257286597;531668.3044548383;4797264.524949117;8470703.276443714;3673438.751494598;121837.97257286597;531668.3044548383;4797264.524949117;8470703.276443714;
04-Jun-2021;3673992.438465051;121854.40010553444;531736.3396109369;4797676.377692699;8471668.81615775;3673992.438465051;121854.40010553444;531736.3396109369;4797676.377692699;8471668.81615775;
04-Jun-2021;3674545.2206739252;121870.80091949263;531804.2635930358;4798087.543215425;8472632.76388935;3674545.2206739252;121870.80091949263;531804.2635930358;4798087.543215425;8472632.76388935;
04-Jun-2021;3675097.099473642;121887.17505424476;531872.0765673154;4798498.0225939555;8473595.122067597;3675097.099473642;121887.17505424476;531872.0765673154;4798498.0225939555;8473595.122067597;
04-Jun-2021;3675648.076215038;121903.52254925044;531939.7786997621;4798907.816903516;8474555.893118555;3675648.076215038;121903.52254925044;531939.7786997621;4798907.816903516;8474555.893118555;
05-Jun-2021;3676198.152247366;121919.8434439247;532007.3701561674;4799316.927217881;8475515.079465248;3676198.152247366;121919.8434439247;532007.3701561674;4799316.927217881;8475515.079465248;
05-Jun-2021;3676747.3289182945;121936.13777763795;532074.8511021284;4799725.354609388;8476472.683527684;3676747.3289182945;121936.13777763795;532074.8511021284;4799725.354609388;8476472.683527684;
05-Jun-2021;3677295.6075739097;121952.40558971599;532142.2217030473;4800133.100148929;8477428.707722837;3677295.6075739097;121952.40558971599;532142.2217030473;4800133.100148929;8477428.707722837;
05-Jun-2021;3677842.9895587135;121968.64691943997;532209.4821241319;4800540.164905951;8478383.154464666;3677842.9895587135;121968.64691943997;532209.4821241319;4800540.164905951;8478383.154464666;
05-Jun-2021;3678389.476215625;121984.86180604647;532276.6325303956;4800946.54994847;8479336.026164094;3678389.476215625;121984.86180604647;532276.6325303956;4800946.54994847;8479336.026164094;
05-Jun-2021;3678935.0688859816;122001.05028872742;532343.6730866573;4801352.256343054;8480287.325229036;3678935.0688859816;122001.05028872742;532343.6730866573;4801352.256343054;8480287.325229036;
06-Jun-2021;3679479.768909537;122017.21240663013;532410.6039575413;4801757.285154844;8481237.05406438;3679479.768909537;122017.21240663013;532410.6039575413;4801757.285154844;8481237.05406438;
06-Jun-2021;3680023.577624463;122033.34819885732;532477.4253074777;4802161.637447534;8482185.215071997;3680023.577624463;122033.34819885732;532477.4253074777;4802161.637447534;8482185.215071997;
06-Jun-2021;3680566.49636735;122049.45770446703;532544.137300702;4802565.314283388;8483131.81065074;3680566.49636735;122049.45770446703;532544.137300702;4802565.314283388;8483131.81065074;
06-Jun-2021;3681108.526473207;122065.54096247273;532610.7401012556;4802968.316723238;8484076.843196444;3681108.526473207;122065.54096247273;532610.7401012556;4802968.316723238;8484076.843196444;
06-Jun-2021;3681649.6692754608;122081.59801184323;532677.2338729854;4803370.645826478;8485020.315101938;3681649.6692754608;122081.59801184323;532677.2338729854;4803370.645826478;8485020.315101938;
06-Jun-2021;3682189.926105958;122097.62889150275;532743.618779544;4803772.302651071;8485962.228757028;3682189.926105958;122097.62889150275;532743.618779544;4803772.302651071;8485962.228757028;
07-Jun-2021;3682729.298294964;122113.63364033087;532809.8949843901;4804173.288253551;8486902.586548515;3682729.298294964;122113.63364033087;532809.8949843901;4804173.288253551;8486902.586548515;
07-Jun-2021;3683267.7871711636;122129.61229716252;532876.0626507879;4804573.60368902;8487841.390860185;3683267.7871711636;122129.61229716252;532876.0626507879;4804573.60368902;8487841.390860185;
07-Jun-2021;3683805.3940616627;122145.56490078804;532942.1219418074;4804973.250011157;8488778.64407282;3683805.3940616627;122145.56490078804;532942.1219418074;4804973.250011157;8488778.64407282;
07-Jun-2021;3684342.120291987;122161.49148995317;533008.0730203248;4805372.228272205;8489714.348564193;3684342.120291987;122161.49148995317;533008.0730203248;4805372.228272205;8489714.348564193;
07-Jun-2021;3684877.967186082;122177.39210335899;533073.916049022;4805770.539522989;8490648.50670907;3684877.967186082;122177.39210335899;533073.916049022;4805770.539522989;8490648.50670907;
07-Jun-2021;3685412.9360663155;122193.26677966196;533139.651190387;4806168.184812902;8491581.120879216;3685412.9360663155;122193.26677966196;533139.651190387;4806168.184812902;8491581.120879216;
08-Jun-2021;3685947.0282534757;122209.11555747398;533205.2786067136;4806565.165189915;8492512.193443391;3685947.0282534757;122209.11555747398;533205.2786067136;4806565.165189915;8492512.193443391;
08-Jun-2021;3686480.245066773;122224.93847536227;533270.798460102;4806961.481700579;8493441.726767354;3686480.245066773;122224.93847536227;533270.798460102;4806961.481700579;8493441.726767354;
08-Jun-2021;3687012.58782384;122240.7355718495;533336.2109124584;4807357.135390022;8494369.72321386;3687012.58782384;122240.7355718495;533336.2109124584;4807357.135390022;8494369.72321386;
08-Jun-2021;3687544.057840731;122256.50688541366;533401.5161254948;4807752.12730195;8495296.185142681;3687544.057840731;122256.50688541366;533401.5161254948;4807752.12730195;8495296.185142681;
08-Jun-2021;3688074.656431924;122272.25245448822;533466.7142607301;4808146.45847865;8496221.114910575;3688074.656431924;122272.25245448822;533466.7142607301;4808146.45847865;8496221.114910575;
08-Jun-2021;3688604.38491032;122287.97231746199;533531.8054794888;4808540.129960991;8497144.51487131;3688604.38491032;122287.97231746199;533531.8054794888;4808540.129960991;8497144.51487131;
09-Jun-2021;3689133.2445872435;122303.66651267919;533596.789942902;4808933.142788424;8498066.387375668;3689133.2445872435;122303.66651267919;533596.789942902;4808933.142788424;8498066.387375668;
09-Jun-2021;3689661.236772443;122319.33507843947;533661.6678119074;4809325.497998986;8498986.73477143;3689661.236772443;122319.33507843947;533661.6678119074;4809325.497998986;8498986.73477143;
09-Jun-2021;3690188.3627740927;122334.97805299789;533726.4392472485;4809717.196629298;8499905.55940339;3690188.3627740927;122334.97805299789;533726.4392472485;4809717.196629298;8499905.55940339;
09-Jun-2021;3690714.6238987898;122350.59547456489;533791.1044094757;4810108.239714565;8500822.863613356;3690714.6238987898;122350.59547456489;533791.1044094757;4810108.239714565;8500822.863613356;
09-Jun-2021;3691240.0214515575;122366.18738130636;533855.6634589458;4810498.628288585;8501738.649740143;3691240.0214515575;122366.18738130636;533855.6634589458;4810498.628288585;8501738.649740143;
09-Jun-2021;3691764.5567358453;122381.7538113436;533920.1165558222;4810888.363383738;8502652.920119584;3691764.5567358453;122381.7538113436;533920.1165558222;4810888.363383738;8502652.920119584;
10-Jun-2021;3692288.231053529;122397.29480275337;533984.4638600749;4811277.4460309995;8503565.677084528;3692288.231053529;122397.29480275337;533984.4638600749;4811277.4460309995;8503565.677084528;
10-Jun-2021;3692811.04570491;122412.81039356782;534048.7055314805;4811665.877259933;8504476.922964843;3692811.04570491;122412.81039356782;534048.7055314805;4811665.877259933;8504476.922964843;
10-Jun-2021;3693333.001988718;122428.30062177457;534112.8417296225;4812053.658098695;8505386.660087414;3693333.001988718;122428.30062177457;534112.8417296225;4812053.658098695;8505386.660087414;
10-Jun-2021;3693854.101202109;122443.76552531667;534176.8726138908;4812440.789574035;8506294.890776142;3693854.101202109;122443.76552531667;534176.8726138908;4812440.789574035;8506294.890776142;
10-Jun-2021;3694374.3446406685;122459.20514209264;534240.7983434827;4812827.272711297;8507201.617351966;3694374.3446406685;122459.20514209264;534240.7983434827;4812827.272711297;8507201.617351966;
10-Jun-2021;3694893.7335984097;122474.61950995645;534304.6190774019;4813213.10853442;8508106.84213283;3694893.7335984097;122474.61950995645;534304.6190774019;4813213.10853442;8508106.84213283;
11-Jun-2021;3695412.2693677745;122490.00866671752;534368.3349744595;4813598.298065941;8509010.567433715;3695412.2693677745;122490.00866671752;534368.3349744595;4813598.298065941;8509010.567433715;
11-Jun-2021;3695929.953239635;122505.37265014078;534431.9461932733;4813982.842326995;8509912.79556663;3695929.953239635;122505.37265014078;534431.9461932733;4813982.842326995;8509912.79556663;
11-Jun-2021;3696446.786503293;122520.7114979466;534495.4528922683;4814366.742337314;8510813.528840605;3696446.786503293;122520.7114979466;534495.4528922683;4814366.742337314;8510813.528840605;
11-Jun-2021;3696962.770446481;122536.02524781086;534558.8552296766;4814749.999115231;8511712.769561714;3696962.770446481;122536.02524781086;534558.8552296766;4814749.999115231;8511712.769561714;
11-Jun-2021;3697477.9063553624;122551.31393736492;534622.1533635375;4815132.613677684;8512610.520033048;3697477.9063553624;122551.31393736492;534622.1533635375;4815132.613677684;8512610.520033048;
11-Jun-2021;3697992.1955145313;122566.57760419566;534685.3474516977;4815514.587040211;8513506.782554742;3697992.1955145313;122566.57760419566;534685.3474516977;4815514.587040211;8513506.782554742;
12-Jun-2021;3698505.639207015;122581.81628584545;534748.437651811;4815895.920216952;8514401.559423968;3698505.639207015;122581.81628584545;534748.437651811;4815895.920216952;8514401.559423968;
12-Jun-2021;3699018.2387142726;122597.03001981218;534811.4241213389;4816276.614220656;8515294.852934929;3699018.2387142726;122597.03001981218;534811.4241213389;4816276.614220656;8515294.852934929;
12-Jun-2021;3699529.9953161967;122612.21884354929;534874.30701755;4816656.670062673;8516186.66537887;3699529.9953161967;122612.21884354929;534874.30701755;4816656.670062673;8516186.66537887;
12-Jun-2021;3700040.910291114;122627.38279446571;534937.0864975208;4817036.088752966;8517076.99904408;3700040.910291114;122627.38279446571;534937.0864975208;4817036.088752966;8517076.99904408;
12-Jun-2021;3700550.9849157836;122642.52190992597;534999.7627181351;4817414.871300106;8517965.85621589;3700550.9849157836;122642.52190992597;534999.7627181351;4817414.871300106;8517965.85621589;
12-Jun-2021;3701060.2204654017;122657.6362272501;535062.3358360847;4817793.018711271;8518853.239176672;3701060.2204654017;122657.6362272501;535062.3358360847;4817793.018711271;8518853.239176672;
13-Jun-2021;3701568.618213598;122672.72578371373;535124.8060078687;4818170.53199225;8519739.150205847;3701568.618213598;122672.72578371373;535124.8060078687;4818170.53199225;8519739.150205847;
13-Jun-2021;3702076.179432439;122687.79061654804;535187.1733897944;4818547.412147446;8520623.591579884;3702076.179432439;122687.79061654804;535187.1733897944;4818547.412147446;8520623.591579884;
13-Jun-2021;3702582.905392427;122702.83076293979;535249.4381379767;4818923.660179875;8521506.565572303;3702582.905392427;122702.83076293979;535249.4381379767;4818923.660179875;8521506.565572303;
13-Jun-2021;3703088.7973625017;122717.84626003135;535311.6004083385;4819299.277091167;8522388.074453669;3703088.7973625017;122717.84626003135;535311.6004083385;4819299.277091167;8522388.074453669;
13-Jun-2021;3703593.85661004;122732.83714492068;535373.6603566108;4819674.26388157;8523268.12049161;3703593.85661004;122732.83714492068;535373.6603566108;4819674.26388157;8523268.12049161;
13-Jun-2021;3704098.084400858;122747.80345466132;535435.6181383327;4820048.621549944;8524146.705950802;3704098.084400858;122747.80345466132;535435.6181383327;4820048.621549944;8524146.705950802;
14-Jun-2021;3704601.4819992087;122762.7452262625;535497.4739088514;4820422.351093774;8525023.833092982;3704601.4819992087;122762.7452262625;535497.4739088514;4820422.351093774;8525023.833092982;
14-Jun-2021;3705104.0506677865;122777.66249668902;535559.2278233223;4820795.453509158;8525899.504176944;3705104.0506677865;122777.66249668902;535559.2278233223;4820795.453509158;8525899.504176944;
14-Jun-2021;3705605.7916677245;122792.55530286136;535620.8800367091;4821167.929790821;8526773.721458545;3705605.7916677245;122792.55530286136;535620.8800367091;4821167.929790821;8526773.721458545;
14-Jun-2021;3706106.7062585964;122807.42368165565;535682.4307037841;4821539.780932101;8527646.487190697;3706106.7062585964;122807.42368165565;535682.4307037841;4821539.780932101;8527646.487190697;
14-Jun-2021;3706606.795698418;122822.26766990367;535743.8799791278;4821911.00792497;8528517.803623388;3706606.795698418;122822.26766990367;535743.8799791278;4821911.00792497;8528517.803623388;
14-Jun-2021;3707106.0612436454;122837.08730439289;535805.2280171292;4822281.611760013;8529387.673003659;3707106.0612436454;122837.08730439289;535805.2280171292;4822281.611760013;8529387.673003659;
15-Jun-2021;3707604.504149179;122851.88262186646;535866.4749719863;4822651.59342645;8530256.09757563;3707604.504149179;122851.88262186646;535866.4749719863;4822651.59342645;8530256.09757563;
15-Jun-2021;3708102.125668361;122866.65365902324;535927.6209977053;4823020.953912123;8531123.079580482;3708102.125668361;122866.65365902324;535927.6209977053;4823020.953912123;8531123.079580482;
15-Jun-2021;3708598.9270529775;122881.4004525178;535988.6662481015;4823389.694203502;8531988.62125648;3708598.9270529775;122881.4004525178;535988.6662481015;4823389.694203502;8531988.62125648;
15-Jun-2021;3709094.909553259;122896.12303896045;536049.610876799;4823757.815285686;8532852.724838944;3709094.909553259;122896.12303896045;536049.610876799;4823757.815285686;8532852.724838944;
15-Jun-2021;3709590.0744178817;122910.8214549172;536110.4550372307;4824125.3181424085;8533715.39256029;3709590.0744178817;122910.8214549172;536110.4550372307;4824125.3181424085;8533715.39256029;
15-Jun-2021;3710084.422893966;122925.49573690986;536171.1988826387;4824492.203756029;8534576.626649994;3710084.422893966;122925.49573690986;536171.1988826387;4824492.203756029;8534576.626649994;
16-Jun-2021;3710577.9562270804;122940.14592141595;536231.8425660739;4824858.473107539;8535436.429334618;3710577.9562270804;122940.14592141595;536231.8425660739;4824858.473107539;8535436.429334618;
16-Jun-2021;3711070.675661239;122954.77204486883;536292.3862403966;4825224.127176571;8536294.80283781;3711070.675661239;122954.77204486883;536292.3862403966;4825224.127176571;8536294.80283781;
16-Jun-2021;3711562.582438904;122969.37414365761;536352.8300582764;4825589.166941386;8537151.749380289;3711562.582438904;122969.37414365761;536352.8300582764;4825589.166941386;8537151.749380289;
16-Jun-2021;3712053.677800986;122983.9522541272;536413.1741721921;4825953.593378884;8538007.271179872;3712053.677800986;122983.9522541272;536413.1741721921;4825953.593378884;8538007.271179872;
16-Jun-2021;3712543.962986845;122998.50641257835;536473.4187344318;4826317.407464604;8538861.370451448;3712543.962986845;122998.50641257835;536473.4187344318;4826317.407464604;8538861.370451448;
16-Jun-2021;3713033.4392342903;123013.03665526763;536533.5638970935;4826680.610172722;8539714.049407013;3713033.4392342903;123013.03665526763;536533.5638970935;4826680.610172722;8539714.049407013;
17-Jun-2021;3713522.1077795816;123027.54301840744;536593.6098120845;4827043.202476055;8540565.310255637;3713522.1077795816;123027.54301840744;536593.6098120845;4827043.202476055;8540565.310255637;
17-Jun-2021;3714009.9698574296;123042.02553816607;536653.5566311218;4827405.1853460595;8541415.15520349;3714009.9698574296;123042.02553816607;536653.5566311218;4827405.1853460595;8541415.15520349;
17-Jun-2021;3714497.0267009973;123056.48425066767;536713.4045057321;4827766.559752839;8542263.586453835;3714497.0267009973;123056.48425066767;536713.4045057321;4827766.559752839;8542263.586453835;
17-Jun-2021;3714983.2795418995;123070.91919199226;536773.1535872523;4828127.326665135;8543110.606207035;3714983.2795418995;123070.91919199226;536773.1535872523;4828127.326665135;8543110.606207035;
17-Jun-2021;3715468.7296102047;123085.3303981758;536832.8040268287;4828487.48705034;8543956.216660546;3715468.7296102047;123085.3303981758;536832.8040268287;4828487.48705034;8543956.216660546;
17-Jun-2021;3715953.3781344355;123099.71790521016;536892.3559754181;4828847.041874485;8544800.420008922;3715953.3781344355;123099.71790521016;536892.3559754181;4828847.041874485;8544800.420008922;
18-Jun-2021;3716437.226341569;123114.0817490431;536951.8095837872;4829205.992102258;8545643.218443826;3716437.226341569;123114.0817490431;536951.8095837872;4829205.992102258;8545643.218443826;
18-Jun-2021;3716920.275457037;123128.4219655784;537011.165002513;4829564.3386969855;8546484.614154024;3716920.275457037;123128.4219655784;537011.165002513;4829564.3386969855;8546484.614154024;
18-Jun-2021;3717402.526704729;123142.73859067573;537070.4223819826;4829922.082620657;8547324.609325387;3717402.526704729;123142.73859067573;537070.4223819826;4829922.082620657;8547324.609325387;
18-Jun-2021;3717883.98130699;123157.0316601508;537129.5818723937;4830279.2248339;8548163.206140893;3717883.98130699;123157.0316601508;537129.5818723937;4830279.2248339;8548163.206140893;
18-Jun-2021;3718364.640484623;123171.30120977528;537188.6436237544;4830635.766296004;8549000.406780627;3718364.640484623;123171.30120977528;537188.6436237544;4830635.766296004;8549000.406780627;
18-Jun-2021;3718844.50545689;123185.54727527688;537247.6077858834;4830991.707964906;8549836.213421796;3718844.50545689;123185.54727527688;537247.6077858834;4830991.707964906;8549836.213421796;
19-Jun-2021;3719323.577441511;123199.76989233932;537306.4745084099;4831347.0507972;8550670.628238712;3719323.577441511;123199.76989233932;537306.4745084099;4831347.0507972;8550670.628238712;
19-Jun-2021;3719801.857654667;123213.96909660235;537365.2439407741;4831701.795748138;8551503.653402805;3719801.857654667;123213.96909660235;537365.2439407741;4831701.795748138;8551503.653402805;
19-Jun-2021;3720279.3473109985;123228.1449236618;537423.916232227;4832055.943771628;8552335.291082626;3720279.3473109985;123228.1449236618;537423.916232227;4832055.943771628;8552335.291082626;
19-Jun-2021;3720756.0476236087;123242.2974090696;537482.4915318303;4832409.495820236;8553165.543443846;3720756.0476236087;123242.2974090696;537482.4915318303;4832409.495820236;8553165.543443846;
19-Jun-2021;3721231.959804062;123256.42658833372;537540.969988457;4832762.45284519;8553994.412649252;3721231.959804062;123256.42658833372;537540.969988457;4832762.45284519;8553994.412649252;
19-Jun-2021;3721707.085062386;123270.53249691828;537599.3517507912;4833114.815796378;8554821.900858764;3721707.085062386;123270.53249691828;537599.3517507912;4833114.815796378;8554821.900858764;
20-Jun-2021;3722181.4246070725;123284.61517024353;537657.6369673281;4833466.58562235;8555648.010229422;3722181.4246070725;123284.61517024353;537657.6369673281;4833466.58562235;8555648.010229422;
20-Jun-2021;3722654.979645077;123298.67464368585;537715.8257863744;4833817.763270319;8556472.742915398;3722654.979645077;123298.67464368585;537715.8257863744;4833817.763270319;8556472.742915398;
20-Jun-2021;3723127.7513818215;123312.71095257778;537773.9183560481;4834168.349686166;8557296.101067986;3723127.7513818215;123312.71095257778;537773.9183560481;4834168.349686166;8557296.101067986;
20-Jun-2021;3723599.7410211926;123326.72413220805;537831.9148242787;4834518.345814438;8558118.08683563;3723599.7410211926;123326.72413220805;537831.9148242787;4834518.345814438;8558118.08683563;
20-Jun-2021;3724070.9497655453;123340.7142178216;537889.8153388074;4834867.752598345;8558938.70236389;3724070.9497655453;123340.7142178216;537889.8153388074;4834867.752598345;8558938.70236389;
20-Jun-2021;3724541.378815701;123354.68124461957;537947.6200471872;4835216.570979768;8559757.94979547;3724541.378815701;123354.68124461957;537947.6200471872;4835216.570979768;8559757.94979547;
21-Jun-2021;3725011.029370951;123368.62524775934;538005.3290967827;4835564.801899265;8560575.831270216;3725011.029370951;123368.62524775934;538005.3290967827;4835564.801899265;8560575.831270216;
21-Jun-2021;3725479.902629055;123382.54626235453;538062.9426347706;4835912.446296051;8561392.348925106;3725479.902629055;123382.54626235453;538062.9426347706;4835912.446296051;8561392.348925106;
21-Jun-2021;3725947.9997862433;123396.44432347505;538120.4608081396;4836259.505108028;8562207.50489427;3725947.9997862433;123396.44432347505;538120.4608081396;4836259.505108028;8562207.50489427;
21-Jun-2021;3726415.3220372167;123410.3194661471;538177.8837636905;4836605.979271761;8563021.301308978;3726415.3220372167;123410.3194661471;538177.8837636905;4836605.979271761;8563021.301308978;
21-Jun-2021;3726881.8705751486;123424.1717253532;538235.2116480361;4836951.869722496;8563833.740297643;3726881.8705751486;123424.1717253532;538235.2116480361;4836951.869722496;8563833.740297643;
21-Jun-2021;3727347.646591685;123438.00113603215;538292.444607602;4837297.177394153;8564644.823985837;3727347.646591685;123438.00113603215;538292.444607602;4837297.177394153;8564644.823985837;
22-Jun-2021;3727812.6512769437;123451.80773307914;538349.5827886257;4837641.90321933;8565454.554496273;3727812.6512769437;123451.80773307914;538349.5827886257;4837641.90321933;8565454.554496273;
22-Jun-2021;3728276.8858195194;123465.59155134573;538406.6263371577;4837986.048129308;8566262.933948826;3728276.8858195194;123465.59155134573;538406.6263371577;4837986.048129308;8566262.933948826;
22-Jun-2021;3728740.35140648;123479.35262563983;538463.5753990609;4838329.613054038;8567069.964460518;3728740.35140648;123479.35262563983;538463.5753990609;4838329.613054038;8567069.964460518;
22-Jun-2021;3729203.0492233713;123493.09099072579;538520.4301200107;4838672.598922162;8567875.648145534;3729203.0492233713;123493.09099072579;538520.4301200107;4838672.598922162;8567875.648145534;
22-Jun-2021;3729664.980454214;123506.80668132436;538577.190645496;4839015.006661003;8568679.987115217;3729664.980454214;123506.80668132436;538577.190645496;4839015.006661003;8568679.987115217;
22-Jun-2021;3730126.1462815073;123520.49973211276;538633.857120818;4839356.837196565;8569482.983478071;3730126.1462815073;123520.49973211276;538633.857120818;4839356.837196565;8569482.983478071;
23-Jun-2021;3730586.5478862296;123534.17017772463;538690.4296910913;4839698.091453538;8570284.639339767;3730586.5478862296;123534.17017772463;538690.4296910913;4839698.091453538;8570284.639339767;
23-Jun-2021;3731046.186447838;123547.81805275015;538746.9085012436;4840038.770355299;8571084.956803137;3731046.186447838;123547.81805275015;538746.9085012436;4840038.770355299;8571084.956803137;
23-Jun-2021;3731505.06314427;123561.44339173597;538803.2936960157;4840378.874823913;8571883.937968183;3731505.06314427;123561.44339173597;538803.2936960157;4840378.874823913;8571883.937968183;
23-Jun-2021;3731963.179151945;123575.04622918527;538859.5854199622;4840718.405780135;8572681.584932078;3731963.179151945;123575.04622918527;538859.5854199622;4840718.405780135;8572681.584932078;
23-Jun-2021;3732420.535645764;123588.6265995578;538915.7838174507;4841057.364143405;8573477.899789171;3732420.535645764;123588.6265995578;538915.7838174507;4841057.364143405;8573477.899789171;
23-Jun-2021;3732877.1337991105;123602.18453726983;538971.8890326627;4841395.750831864;8574272.884630974;3732877.1337991105;123602.18453726983;538971.8890326627;4841395.750831864;8574272.884630974;
24-Jun-2021;3733332.974783853;123615.72007669426;539027.9012095933;4841733.566762337;8575066.54154619;3733332.974783853;123615.72007669426;539027.9012095933;4841733.566762337;8575066.54154619;
24-Jun-2021;3733788.0597703443;123629.23325216057;539083.8204920514;4842070.812850347;8575858.872620692;3733788.0597703443;123629.23325216057;539083.8204920514;4842070.812850347;8575858.872620692;
24-Jun-2021;3734242.3899274226;123642.7240979549;539139.6470236599;4842407.490010114;8576649.879937537;3734242.3899274226;123642.7240979549;539139.6470236599;4842407.490010114;8576649.879937537;
24-Jun-2021;3734695.9664224125;123656.19264832001;539195.3809478555;4842743.5991545515;8577439.565576963;3734695.9664224125;123656.19264832001;539195.3809478555;4842743.5991545515;8577439.565576963;
24-Jun-2021;3735148.7904211264;123669.63893745534;539251.0224078895;4843079.141195271;8578227.9316164;3735148.7904211264;123669.63893745534;539251.0224078895;4843079.141195271;8578227.9316164;
24-Jun-2021;3735600.863087865;123683.06299951703;539306.5715468269;4843414.117042589;8579014.980130455;3735600.863087865;123683.06299951703;539306.5715468269;4843414.117042589;8579014.980130455;
25-Jun-2021;3736052.1855854187;123696.46486861793;539362.0285075475;4843748.527605512;8579800.71319093;3736052.1855854187;123696.46486861793;539362.0285075475;4843748.527605512;8579800.71319093;
25-Jun-2021;3736502.759075067;123709.84457882763;539417.3934327454;4844082.373791758;8580585.132866826;3736502.759075067;123709.84457882763;539417.3934327454;4844082.373791758;8580585.132866826;
25-Jun-2021;3736952.5847165817;123723.20216417249;539472.6664649292;4844415.656507744;8581368.241224328;3736952.5847165817;123723.20216417249;539472.6664649292;4844415.656507744;8581368.241224328;
25-Jun-2021;3737401.663668226;123736.53765863561;539527.8477464225;4844748.376658591;8582150.040326819;3737401.663668226;123736.53765863561;539527.8477464225;4844748.376658591;8582150.040326819;
25-Jun-2021;3737849.997086756;123749.85109615696;539582.9374193635;4845080.53514813;8582930.532234885;3737849.997086756;123749.85109615696;539582.9374193635;4845080.53514813;8582930.532234885;
25-Jun-2021;3738297.5861274214;123763.14251063326;539637.9356257054;4845412.132878893;8583709.719006313;3738297.5861274214;123763.14251063326;539637.9356257054;4845412.132878893;8583709.719006313;
26-Jun-2021;3738744.431943968;123776.41193591813;539692.8425072163;4845743.170752121;8584487.602696087;3738744.431943968;123776.41193591813;539692.8425072163;4845743.170752121;8584487.602696087;
26-Jun-2021;3739190.535688636;123789.65940582205;539747.6582054796;4846073.64966777;8585264.185356406;3739190.535688636;123789.65940582205;539747.6582054796;4846073.64966777;8585264.185356406;
26-Jun-2021;3739635.8985121627;123802.8849541124;539802.3828618941;4846403.570524502;8586039.469036665;3739635.8985121627;123802.8849541124;539802.3828618941;4846403.570524502;8586039.469036665;
26-Jun-2021;3740080.5215637838;123816.08861451343;539857.0166176738;4846732.934219691;8586813.455783475;3740080.5215637838;123816.08861451343;539857.0166176738;4846732.934219691;8586813.455783475;
26-Jun-2021;3740524.4059912325;123829.27042070638;539911.5596138482;4847061.7416494265;8587586.147640659;3740524.4059912325;123829.27042070638;539911.5596138482;4847061.7416494265;8587586.147640659;
26-Jun-2021;3740967.552940742;123842.43040632944;539966.0119912627;4847389.993708512;8588357.546649255;3740967.552940742;123842.43040632944;539966.0119912627;4847389.993708512;8588357.546649255;
27-Jun-2021;3741409.9635570464;123855.56860497777;540020.373890578;4847717.691290471;8589127.654847516;3741409.9635570464;123855.56860497777;540020.373890578;4847717.691290471;8589127.654847516;
27-Jun-2021;3741851.6389833805;123868.68505020355;540074.6454522712;4848044.835287534;8589896.474270914;3741851.6389833805;123868.68505020355;540074.6454522712;4848044.835287534;8589896.474270914;
27-Jun-2021;3742292.580361482;123881.779775516;540128.8268166349;4848371.42659066;8590664.00695214;3742292.580361482;123881.779775516;540128.8268166349;4848371.42659066;8590664.00695214;
27-Jun-2021;3742732.788831592;123894.85281438137;540182.918123778;4848697.466089525;8591430.254921116;3742732.788831592;123894.85281438137;540182.918123778;4848697.466089525;8591430.254921116;
27-Jun-2021;3743172.265532456;123907.90420022301;540236.9195136257;4849022.954672522;8592195.220204977;3743172.265532456;123907.90420022301;540236.9195136257;4849022.954672522;8592195.220204977;
27-Jun-2021;3743611.011601324;123920.93396642138;540290.8311259194;4849347.893226776;8592958.9048281;3743611.011601324;123920.93396642138;540290.8311259194;4849347.893226776;8592958.9048281;
28-Jun-2021;3744049.0281739538;123933.94214631403;540344.653100217;4849672.282638126;8593721.31081208;3744049.0281739538;123933.94214631403;540344.653100217;4849672.282638126;8593721.31081208;
28-Jun-2021;3744486.3163846093;123946.9287731957;540398.3855758931;4849996.123791139;8594482.440175747;3744486.3163846093;123946.9287731957;540398.3855758931;4849996.123791139;8594482.440175747;
28-Jun-2021;3744922.877366063;123959.8938803183;540452.028692139;4850319.417569111;8595242.294935174;3744922.877366063;123959.8938803183;540452.028692139;4850319.417569111;8595242.294935174;
28-Jun-2021;3745358.712249597;123972.8375008909;540505.5825879625;4850642.164854064;8596000.87710366;3745358.712249597;123972.8375008909;540505.5825879625;4850642.164854064;8596000.87710366;
28-Jun-2021;3745793.822165003;123985.75966807986;540559.0474021888;4850964.366526747;8596758.18869175;3745793.822165003;123985.75966807986;540559.0474021888;4850964.366526747;8596758.18869175;
28-Jun-2021;3746228.2082405845;123998.66041500874;540612.4232734598;4851286.023466646;8597514.23170723;3746228.2082405845;123998.66041500874;540612.4232734598;4851286.023466646;8597514.23170723;
29-Jun-2021;3746661.8716031574;124011.53977475836;540665.7103402347;4851607.136551969;8598269.008155124;3746661.8716031574;124011.53977475836;540665.7103402347;4851607.136551969;8598269.008155124;
29-Jun-2021;3747094.81337805;124024.3977803669;540718.9087407901;4851927.7066596635;8599022.520037714;3747094.81337805;124024.3977803669;540718.9087407901;4851927.7066596635;8599022.520037714;
29-Jun-2021;3747527.0346891056;124037.2344648298;540772.0186132201;4852247.734665409;8599774.769354515;3747527.0346891056;124037.2344648298;540772.0186132201;4852247.734665409;8599774.769354515;
29-Jun-2021;3747958.536658683;124050.0498610999;540825.040095436;4852567.221443623;8600525.758102307;3747958.536658683;124050.0498610999;540825.040095436;4852567.221443623;8600525.758102307;
29-Jun-2021;3748389.320407656;124062.84400208738;540877.9733251673;4852886.167867456;8601275.488275113;3748389.320407656;124062.84400208738;540877.9733251673;4852886.167867456;8601275.488275113;
29-Jun-2021;3748819.387055417;124075.61692065981;540930.8184399608;4853204.574808798;8602023.961864214;3748819.387055417;124075.61692065981;540930.8184399608;4853204.574808798;8602023.961864214;
30-Jun-2021;3749248.737719876;124088.36864964222;540983.5755771816;4853522.443138279;8602771.180858156;3749248.737719876;124088.36864964222;540983.5755771816;4853522.443138279;8602771.180858156;
30-Jun-2021;3749677.373517463;124101.09922181704;541036.2448740128;4853839.773725271;8603517.147242734;3749677.373517463;124101.09922181704;541036.2448740128;4853839.773725271;8603517.147242734;
30-Jun-2021;3750105.2955631274;124113.80866992423;541088.8264674555;4854156.567437885;8604261.863001013;3750105.2955631274;124113.80866992423;541088.8264674555;4854156.567437885;8604261.863001013;
30-Jun-2021;3750532.5049703405;124126.4970266612;541141.3204943292;4854472.82514298;8605005.33011332;3750532.5049703405;124126.4970266612;541141.3204943292;4854472.82514298;8605005.33011332;
30-Jun-2021;3750959.002851096;124139.16432468293;541193.7270912719;4854788.54770615;8605747.550557246;3750959.002851096;124139.16432468293;541193.7270912719;4854788.54770615;8605747.550557246;
30-Jun-2021;3751384.7903159107;124151.81059660192;541246.0463947401;4855103.735991747;8606488.526307657;3751384.7903159107;124151.81059660192;541246.0463947401;4855103.735991747;8606488.526307657;
01-Jul-2021;3751809.8684738264;124164.43587498827;541298.2785410092;4855418.3908628635;8607228.25933669;3751809.8684738264;124164.43587498827;541298.2785410092;4855418.3908628635;8607228.25933669;
01-Jul-2021;3752234.23843241;124177.04019236965;541350.423666173;4855732.513181341;8607966.751613751;3752234.23843241;124177.04019236965;541350.423666173;4855732.513181341;8607966.751613751;
01-Jul-2021;3752657.9012977555;124189.6235812314;541402.4819061446;4856046.103807771;8608704.005105525;3752657.9012977555;124189.6235812314;541402.4819061446;4856046.103807771;8608704.005105525;
01-Jul-2021;3753080.8581744838;124202.1860740165;541454.4533966562;4856359.163601496;8609440.021775981;3753080.8581744838;124202.1860740165;541454.4533966562;4856359.163601496;8609440.021775981;
01-Jul-2021;3753503.1101657446;124214.72770312561;541506.3382732589;4856671.693420616;8610174.80358636;3753503.1101657446;124214.72770312561;541506.3382732589;4856671.693420616;8610174.80358636;
01-Jul-2021;3753924.6583732176;124227.24850091709;541558.1366713232;4856983.694121976;8610908.352495193;3753924.6583732176;124227.24850091709;541558.1366713232;4856983.694121976;8610908.352495193;
02-Jul-2021;3754345.5038971133;124239.74849970707;541609.8487260394;4857295.166561184;8611640.670458298;3754345.5038971133;124239.74849970707;541609.8487260394;4857295.166561184;8611640.670458298;
02-Jul-2021;3754765.6478361734;124252.22773176941;541661.4745724171;4857606.111592602;8612371.759428773;3754765.6478361734;124252.22773176941;541661.4745724171;4857606.111592602;8612371.759428773;
02-Jul-2021;3755185.0912876735;124264.68622933577;541713.0143452856;4857916.530069342;8613101.621357016;3755185.0912876735;124264.68622933577;541713.0143452856;4857916.530069342;8613101.621357016;
02-Jul-2021;3755603.835347422;124277.12402459563;541764.4681792941;4858226.42284329;8613830.25819071;3755603.835347422;124277.12402459563;541764.4681792941;4858226.42284329;8613830.25819071;
02-Jul-2021;3756021.8811097625;124289.5411496963;541815.836208912;4858535.790765079;8614557.671874842;3756021.8811097625;124289.5411496963;541815.836208912;4858535.790765079;8614557.671874842;
02-Jul-2021;3756439.2296675756;124301.937636743;541867.1185684284;4858844.634684113;8615283.864351688;3756439.2296675756;124301.937636743;541867.1185684284;4858844.634684113;8615283.864351688;
03-Jul-2021;3756855.882112278;124314.31351779879;541918.3153919532;4859152.955448552;8616008.837560829;3756855.882112278;124314.31351779879;541918.3153919532;4859152.955448552;8616008.837560829;
03-Jul-2021;3757271.8395338254;124326.66882488469;541969.4268134162;4859460.753905323;8616732.593439149;3757271.8395338254;124326.66882488469;541969.4268134162;4859460.753905323;8616732.593439149;
03-Jul-2021;3757687.103020712;124339.0035899797;542020.4529665678;4859768.030900121;8617455.133920832;3757687.103020712;124339.0035899797;542020.4529665678;4859768.030900121;8617455.133920832;
03-Jul-2021;3758101.6736599724;124351.31784502073;542071.3939849793;4860074.787277404;8618176.460937377;3758101.6736599724;124351.31784502073;542071.3939849793;4860074.787277404;8618176.460937377;
03-Jul-2021;3758515.5525371837;124363.61162190276;542122.2500020424;4860381.023880404;8618896.576417588;3758515.5525371837;124363.61162190276;542122.2500020424;4860381.023880404;8618896.576417588;
03-Jul-2021;3758928.7407364645;124375.88495247878;542173.0211509701;4860686.741551116;8619615.48228758;3758928.7407364645;124375.88495247878;542173.0211509701;4860686.741551116;8619615.48228758;
04-Jul-2021;3759341.239340477;124388.13786855985;542223.7075647963;4860991.9411303075;8620333.180470785;3759341.239340477;124388.13786855985;542223.7075647963;4860991.9411303075;8620333.180470785;
04-Jul-2021;3759753.0494304295;124400.3704019151;542274.3093763759;4861296.62345752;8621049.672887951;3759753.0494304295;124400.3704019151;542274.3093763759;4861296.62345752;8621049.672887951;
04-Jul-2021;3760164.172086074;124412.58258427182;542324.8267183852;4861600.78937107;8621764.961457144;3760164.172086074;124412.58258427182;542324.8267183852;4861600.78937107;8621764.961457144;
04-Jul-2021;3760574.608385711;124424.77444731542;542375.2597233222;4861904.439708046;8622479.048093757;3760574.608385711;124424.77444731542;542375.2597233222;4861904.439708046;8622479.048093757;
04-Jul-2021;3760984.3594061886;124436.94602268949;542425.6085235062;4862207.575304311;8623191.934710499;3760984.3594061886;124436.94602268949;542425.6085235062;4862207.575304311;8623191.934710499;
04-Jul-2021;3761393.4262229037;124449.09734199582;542475.8732510783;4862510.196994508;8623903.623217411;3761393.4262229037;124449.09734199582;542475.8732510783;4862510.196994508;8623903.623217411;
05-Jul-2021;3761801.8099098033;124461.22843679445;542526.0540380015;4862812.305612061;8624614.115521865;3761801.8099098033;124461.22843679445;542526.0540380015;4862812.305612061;8624614.115521865;
05-Jul-2021;3762209.5115393866;124473.33933860366;542576.1510160606;4863113.901989172;8625323.413528558;3762209.5115393866;124473.33933860366;542576.1510160606;4863113.901989172;8625323.413528558;
05-Jul-2021;3762616.532182704;124485.43007890004;542626.1643168628;4863414.986956822;8626031.519139525;3762616.532182704;124485.43007890004;542626.1643168628;4863414.986956822;8626031.519139525;
05-Jul-2021;3763022.872909361;124497.50068911849;542676.0940718375;4863715.561344779;8626738.434254142;3763022.872909361;124497.50068911849;542676.0940718375;4863715.561344779;8626738.434254142;
05-Jul-2021;3763428.534787516;124509.55120065225;542725.9404122363;4864015.625981592;8627444.160769109;3763428.534787516;124509.55120065225;542725.9404122363;4864015.625981592;8627444.160769109;
05-Jul-2021;3763833.5188838844;124521.58164485294;542775.7034691335;4864315.181694597;8628148.700578481;3763833.5188838844;124521.58164485294;542775.7034691335;4864315.181694597;8628148.700578481;
06-Jul-2021;3764237.826263738;124533.59205303059;542825.3833734262;4864614.229309916;8628852.055573652;3764237.826263738;124533.59205303059;542825.3833734262;4864614.229309916;8628852.055573652;
06-Jul-2021;3764641.457990906;124545.58245645366;542874.980255834;4864912.769652458;8629554.227643363;3764641.457990906;124545.58245645366;542874.980255834;4864912.769652458;8629554.227643363;
06-Jul-2021;3765044.4151277784;124557.55288634908;542924.4942468996;4865210.803545925;8630255.218673702;3765044.4151277784;124557.55288634908;542924.4942468996;4865210.803545925;8630255.218673702;
06-Jul-2021;3765446.6987353037;124569.50337390225;542973.925476989;4865508.331812804;8630955.030548109;3765446.6987353037;124569.50337390225;542973.925476989;4865508.331812804;8630955.030548109;
06-Jul-2021;3765848.309872993;124581.43395025711;543023.2740762911;4865805.355274383;8631653.665147375;3765848.309872993;124581.43395025711;543023.2740762911;4865805.355274383;8631653.665147375;
06-Jul-2021;3766249.2495989194;124593.34464651617;543072.5401748184;4866101.8747507315;8632351.12434965;3766249.2495989194;124593.34464651617;543072.5401748184;4866101.8747507315;8632351.12434965;
07-Jul-2021;3766649.5189697198;124605.23549374047;543121.7239024066;4866397.891060721;8633047.410030441;3766649.5189697198;124605.23549374047;543121.7239024066;4866397.891060721;8633047.410030441;
07-Jul-2021;3767049.1190405954;124617.10652294972;543170.8253887155;4866693.405022022;8633742.524062619;3767049.1190405954;124617.10652294972;543170.8253887155;4866693.405022022;8633742.524062619;
07-Jul-2021;3767448.0508653144;124628.95776512222;543219.8447632283;4866988.417451094;8634436.468316408;3767448.0508653144;124628.95776512222;543219.8447632283;4866988.417451094;8634436.468316408;
07-Jul-2021;3767846.315496211;124640.78925119496;543268.7821552523;4867282.929163202;8635129.244659413;3767846.315496211;124640.78925119496;543268.7821552523;4867282.929163202;8635129.244659413;
07-Jul-2021;3768243.913984188;124652.60101206363;543317.6376939189;4867576.940972405;8635820.854956593;3768243.913984188;124652.60101206363;543317.6376939189;4867576.940972405;8635820.854956593;
07-Jul-2021;3768640.8473787177;124664.39307858265;543366.4115081836;4867870.453691569;8636511.301070286;3768640.8473787177;124664.39307858265;543366.4115081836;4867870.453691569;8636511.301070286;
08-Jul-2021;3769037.116727843;124676.16548156519;543415.1037268263;4868163.468132361;8637200.584860204;3769037.116727843;124676.16548156519;543415.1037268263;4868163.468132361;8637200.584860204;
08-Jul-2021;3769432.723078178;124687.9182517832;543463.7144784513;4868455.985105246;8637888.708183426;3769432.723078178;124687.9182517832;543463.7144784513;4868455.985105246;8637888.708183426;
08-Jul-2021;3769827.6674749097;124699.65141996747;543512.2438914877;4868748.005419505;8638575.672894415;3769827.6674749097;124699.65141996747;543512.2438914877;4868748.005419505;8638575.672894415;
08-Jul-2021;3770221.9509618;124711.36501680766;543560.6920941892;4869039.529883215;8639261.480845017;3770221.9509618;124711.36501680766;543560.6920941892;4869039.529883215;8639261.480845017;
08-Jul-2021;3770615.5745811844;124723.05907295225;543609.0592146347;4869330.55930327;8639946.133884454;3770615.5745811844;124723.05907295225;543609.0592146347;4869330.55930327;8639946.133884454;
08-Jul-2021;3771008.5393739757;124734.73361900868;543657.3453807278;4869621.094485367;8640629.633859342;3771008.5393739757;124734.73361900868;543657.3453807278;4869621.094485367;8640629.633859342;
09-Jul-2021;3771400.846379664;124746.3886855433;543705.5507201974;4869911.136234014;8641311.982613679;3771400.846379664;124746.3886855433;543705.5507201974;4869911.136234014;8641311.982613679;
09-Jul-2021;3771792.496636317;124758.02430308145;543753.6753605979;4870200.685352535;8641993.181988852;3771792.496636317;124758.02430308145;543753.6753605979;4870200.685352535;8641993.181988852;
09-Jul-2021;3772183.4911805843;124769.64050210746;543801.7194293091;4870489.742643063;8642673.233823648;3772183.4911805843;124769.64050210746;543801.7194293091;4870489.742643063;8642673.233823648;
09-Jul-2021;3772573.8310476947;124781.2373130647;543849.6830535366;4870778.308906546;8643352.139954241;3772573.8310476947;124781.2373130647;543849.6830535366;4870778.308906546;8643352.139954241;
09-Jul-2021;3772963.5172714596;124792.8147663556;543897.5663603112;4871066.384942753;8644029.902214212;3772963.5172714596;124792.8147663556;543897.5663603112;4871066.384942753;8644029.902214212;
09-Jul-2021;3773352.5508842734;124804.3728923417;543945.3694764904;4871353.971550261;8644706.522434533;3773352.5508842734;124804.3728923417;543945.3694764904;4871353.971550261;8644706.522434533;
10-Jul-2021;3773740.9329171157;124815.91172134361;543993.0925287572;4871641.06952647;8645382.002443587;3773740.9329171157;124815.91172134361;543993.0925287572;4871641.06952647;8645382.002443587;
10-Jul-2021;3774128.664399551;124827.43128364117;544040.735643621;4871927.679667607;8646056.344067158;3774128.664399551;124827.43128364117;544040.735643621;4871927.679667607;8646056.344067158;
10-Jul-2021;3774515.7463597315;124838.93160947335;544088.2989474175;4872213.802768708;8646729.54912844;3774515.7463597315;124838.93160947335;544088.2989474175;4872213.802768708;8646729.54912844;
10-Jul-2021;3774902.179824396;124850.41272903836;544135.7825663091;4872499.439623638;8647401.619448036;3774902.179824396;124850.41272903836;544135.7825663091;4872499.439623638;8647401.619448036;
10-Jul-2021;3775287.9658188736;124861.87467249366;544183.1866262845;4872784.591025087;8648072.55684396;3775287.9658188736;124861.87467249366;544183.1866262845;4872784.591025087;8648072.55684396;
10-Jul-2021;3775673.105367083;124873.31746995599;544230.5112531595;4873069.257764565;8648742.363131648;3775673.105367083;124873.31746995599;544230.5112531595;4873069.257764565;8648742.363131648;
11-Jul-2021;3776057.599491535;124884.7411515014;544277.7565725766;4873353.440632412;8649411.040123947;3776057.599491535;124884.7411515014;544277.7565725766;4873353.440632412;8649411.040123947;
11-Jul-2021;3776441.4492133334;124896.14574716527;544324.9227100055;4873637.1404177975;8650078.58963113;3776441.4492133334;124896.14574716527;544324.9227100055;4873637.1404177975;8650078.58963113;
11-Jul-2021;3776824.6555521754;124907.53128694237;544372.0097907432;4873920.357908715;8650745.01346089;3776824.6555521754;124907.53128694237;544372.0097907432;4873920.357908715;8650745.01346089;
11-Jul-2021;3777207.2195263533;124918.89780078687;544419.0179399139;4874203.093891991;8651410.313418346;3777207.2195263533;124918.89780078687;544419.0179399139;4874203.093891991;8651410.313418346;
11-Jul-2021;3777589.142152756;124930.24531861239;544465.9472824695;4874485.349153286;8652074.491306042;3777589.142152756;124930.24531861239;544465.9472824695;4874485.349153286;8652074.491306042;
11-Jul-2021;3777970.424446869;124941.573870292;544512.7979431893;4874767.12447709;8652737.54892396;3777970.424446869;124941.573870292;544512.7979431893;4874767.12447709;8652737.54892396;
12-Jul-2021;3778351.0674227783;124952.88348565828;544559.5700466806;4875048.420646729;8653399.488069508;3778351.0674227783;124952.88348565828;544559.5700466806;4875048.420646729;8653399.488069508;
12-Jul-2021;3778731.0720931683;124964.17419450334;544606.2637173788;4875329.2384443665;8654060.310537534;3778731.0720931683;124964.17419450334;544606.2637173788;4875329.2384443665;8654060.310537534;
12-Jul-2021;3779110.439469325;124975.44602657887;544652.8790795472;4875609.578650997;8654720.018120322;3779110.439469325;124975.44602657887;544652.8790795472;4875609.578650997;8654720.018120322;
12-Jul-2021;3779489.170561136;124986.69901159612;544699.4162572774;4875889.442046462;8655378.612607596;3779489.170561136;124986.69901159612;544699.4162572774;4875889.442046462;8655378.612607596;
12-Jul-2021;3779867.266377094;124997.93317922602;544745.8753744892;4876168.829409436;8656036.09578653;3779867.266377094;124997.93317922602;544745.8753744892;4876168.829409436;8656036.09578653;
12-Jul-2021;3780244.7279242957;125009.1485590991;544792.2565549315;4876447.741517438;8656692.469441734;3780244.7279242957;125009.1485590991;544792.2565549315;4876447.741517438;8656692.469441734;
13-Jul-2021;3780621.5562084424;125020.34518080564;544838.5599221814;4876726.179146826;8657347.735355271;3780621.5562084424;125020.34518080564;544838.5599221814;4876726.179146826;8657347.735355271;
13-Jul-2021;3780997.7522338447;125031.52307389562;544884.785599645;4877004.143072808;8658001.895306654;3780997.7522338447;125031.52307389562;544884.785599645;4877004.143072808;8658001.895306654;
13-Jul-2021;3781373.31700342;125042.68226787876;544930.9337105574;4877281.63406943;8658654.95107285;3781373.31700342;125042.68226787876;544930.9337105574;4877281.63406943;8658654.95107285;
13-Jul-2021;3781748.251518696;125053.8227922246;544977.0043779829;4877558.652909585;8659306.904428283;3781748.251518696;125053.8227922246;544977.0043779829;4877558.652909585;8659306.904428283;
13-Jul-2021;3782122.556779811;125064.9446763625;545022.9977248152;4877835.20036502;8659957.757144833;3782122.556779811;125064.9446763625;545022.9977248152;4877835.20036502;8659957.757144833;
13-Jul-2021;3782496.233785515;125076.04794968166;545068.913873777;4878111.277206325;8660607.510991842;3782496.233785515;125076.04794968166;545068.913873777;4878111.277206325;8660607.510991842;
14-Jul-2021;3782869.283533172;125087.13264153115;545114.7529474212;4878386.884202942;8661256.167736115;3782869.283533172;125087.13264153115;545114.7529474212;4878386.884202942;8661256.167736115;
14-Jul-2021;3783241.7070187596;125098.19878122001;545160.51506813;4878662.022123168;8661903.729141928;3783241.7070187596;125098.19878122001;545160.51506813;4878662.022123168;8661903.729141928;
14-Jul-2021;3783613.5052368715;125109.24639801719;545206.2003581157;4878936.691734146;8662550.196971018;3783613.5052368715;125109.24639801719;545206.2003581157;4878936.691734146;8662550.196971018;
14-Jul-2021;3783984.679180718;125120.27552115165;545251.8089394206;4879210.893801878;8663195.572982596;3783984.679180718;125120.27552115165;545251.8089394206;4879210.893801878;8663195.572982596;
14-Jul-2021;3784355.229842128;125131.28617981235;545297.3409339172;4879484.629091223;8663839.85893335;3784355.229842128;125131.28617981235;545297.3409339172;4879484.629091223;8663839.85893335;
14-Jul-2021;3784725.1582115497;125142.2784031483;545342.7964633084;4879757.898365892;8664483.05657744;3784725.1582115497;125142.2784031483;545342.7964633084;4879757.898365892;8664483.05657744;
15-Jul-2021;3785094.4652780513;125153.25222026862;545388.1756491275;4880030.702388457;8665125.167666508;3785094.4652780513;125153.25222026862;545388.1756491275;4880030.702388457;8665125.167666508;
15-Jul-2021;3785463.1520293234;125164.20766024252;545433.4786127384;4880303.041920352;8665766.193949675;3785463.1520293234;125164.20766024252;545433.4786127384;4880303.041920352;8665766.193949675;
15-Jul-2021;3785831.2194516794;125175.14475209937;545478.7054753362;4880574.917721868;8666406.137173548;3785831.2194516794;125175.14475209937;545478.7054753362;4880574.917721868;8666406.137173548;
15-Jul-2021;3786198.6685300567;125186.06352482871;545523.8563579464;4880846.330552158;8667044.999082215;3786198.6685300567;125186.06352482871;545523.8563579464;4880846.330552158;8667044.999082215;
15-Jul-2021;3786565.500248019;125196.96400738032;545568.931381426;4881117.281169244;8667682.781417264;3786565.500248019;125196.96400738032;545568.931381426;4881117.281169244;8667682.781417264;
15-Jul-2021;3786931.715587756;125207.8462286642;545613.9306664631;4881387.770330006;8668319.48591776;3786931.715587756;125207.8462286642;545613.9306664631;4881387.770330006;8668319.48591776;
16-Jul-2021;3787297.3155300855;125218.71021755067;545658.8543335772;4881657.798790195;8668955.11432028;3787297.3155300855;125218.71021755067;545658.8543335772;4881657.798790195;8668955.11432028;
16-Jul-2021;3787662.301054455;125229.55600287033;545703.7025031195;4881927.367304428;8669589.668358881;3787662.301054455;125229.55600287033;545703.7025031195;4881927.367304428;8669589.668358881;
16-Jul-2021;3788026.6731389416;125240.38361341416;545748.4752952728;4882196.47662619;8670223.149765132;3788026.6731389416;125240.38361341416;545748.4752952728;4882196.47662619;8670223.149765132;
16-Jul-2021;3788390.432760255;125251.1930779335;545793.1728300517;4882465.127507838;8670855.560268095;3788390.432760255;125251.1930779335;545793.1728300517;4882465.127507838;8670855.560268095;
16-Jul-2021;3788753.5808937373;125261.9844251401;545837.795227303;4882733.320700601;8671486.901594337;3788753.5808937373;125261.9844251401;545837.795227303;4882733.320700601;8671486.901594337;
16-Jul-2021;3789116.1185133653;125272.75768370616;545882.3426067056;4883001.0569545785;8672117.175467944;3789116.1185133653;125272.75768370616;545882.3426067056;4883001.0569545785;8672117.175467944;
17-Jul-2021;3789478.046591751;125283.51288226442;545926.8150877707;4883268.337018742;8672746.383610494;3789478.046591751;125283.51288226442;545926.8150877707;4883268.337018742;8672746.383610494;
17-Jul-2021;3789839.3661001427;125294.25004940805;545971.212789842;4883535.161640948;8673374.52774109;3789839.3661001427;125294.25004940805;545971.212789842;4883535.161640948;8673374.52774109;
17-Jul-2021;3790200.0780084273;125304.96921369083;546015.5358320959;4883801.531567916;8674001.609576343;3790200.0780084273;125304.96921369083;546015.5358320959;4883801.531567916;8674001.609576343;
17-Jul-2021;3790560.1832851307;125315.6704036271;546059.7843335414;4884067.447545257;8674627.630830387;3790560.1832851307;125315.6704036271;546059.7843335414;4884067.447545257;8674627.630830387;
17-Jul-2021;3790919.6828974187;125326.35364769182;546103.9584130207;4884332.910317452;8675252.593214871;3790919.6828974187;125326.35364769182;546103.9584130207;4884332.910317452;8675252.593214871;
17-Jul-2021;3791278.5778111;125337.01897432063;546148.058189209;4884597.920627868;8675876.498438967;3791278.5778111;125337.01897432063;546148.058189209;4884597.920627868;8675876.498438967;
18-Jul-2021;3791636.8689906253;125347.66641190981;546192.0837806147;4884862.47921875;8676499.348209376;3791636.8689906253;125347.66641190981;546192.0837806147;4884862.47921875;8676499.348209376;
18-Jul-2021;3791994.55739909;125358.29598881639;546236.0353055795;4885126.586831232;8677121.144230323;3791994.55739909;125358.29598881639;546236.0353055795;4885126.586831232;8677121.144230323;
18-Jul-2021;3792351.6439982345;125368.90773335814;546279.912882279;4885390.244205329;8677741.888203563;3792351.6439982345;125368.90773335814;546279.912882279;4885390.244205329;8677741.888203563;
18-Jul-2021;3792708.1297484464;125379.50167381362;546323.7166287223;4885653.45207994;8678361.581828386;3792708.1297484464;125379.50167381362;546323.7166287223;4885653.45207994;8678361.581828386;
18-Jul-2021;3793064.015608761;125390.07783842222;546367.4466627522;4885916.211192857;8678980.226801617;3793064.015608761;125390.07783842222;546367.4466627522;4885916.211192857;8678980.226801617;
18-Jul-2021;3793419.3025368634;125400.63625538419;546411.1031020458;4886178.522280755;8679597.82481762;3793419.3025368634;125400.63625538419;546411.1031020458;4886178.522280755;8679597.82481762;
19-Jul-2021;3793773.9914890886;125411.17695286065;546454.6860641144;4886440.386079206;8680214.377568295;3793773.9914890886;125411.17695286065;546454.6860641144;4886440.386079206;8680214.377568295;
19-Jul-2021;3794128.083420424;125421.69995897367;546498.1956663035;4886701.803322664;8680829.88674309;3794128.083420424;125421.69995897367;546498.1956663035;4886701.803322664;8680829.88674309;
19-Jul-2021;3794481.579284509;125432.20530180624;546541.6320257931;4886962.7747444855;8681444.354028996;3794481.579284509;125432.20530180624;546541.6320257931;4886962.7747444855;8681444.354028996;
19-Jul-2021;3794834.4800336394;125442.6930094024;546584.9952595979;4887223.301076913;8682057.781110553;3794834.4800336394;125442.6930094024;546584.9952595979;4887223.301076913;8682057.781110553;
19-Jul-2021;3795186.7866187645;125453.16310976716;546628.2854845674;4887483.38305109;8682670.169669855;3795186.7866187645;125453.16310976716;546628.2854845674;4887483.38305109;8682670.169669855;
19-Jul-2021;3795538.4999894914;125463.61563086664;546671.5028173861;4887743.021397053;8683281.521386543;3795538.4999894914;125463.61563086664;546671.5028173861;4887743.021397053;8683281.521386543;
20-Jul-2021;3795889.6210940857;125474.05060062802;546714.6473745734;4888002.216843736;8683891.83793782;3795889.6210940857;125474.05060062802;546714.6473745734;4888002.216843736;8683891.83793782;
20-Jul-2021;3796240.1508794716;125484.46804693963;546757.7192724843;4888260.970118977;8684501.12099845;3796240.1508794716;125484.46804693963;546757.7192724843;4888260.970118977;8684501.12099845;
20-Jul-2021;3796590.090291234;125494.86799765096;546800.7186273091;4888519.281949513;8685109.372240745;3796590.090291234;125494.86799765096;546800.7186273091;4888519.281949513;8685109.372240745;
20-Jul-2021;3796939.440273621;125505.25048057271;546843.6455550736;4888777.1530609755;8685716.593334597;3796939.440273621;125505.25048057271;546843.6455550736;4888777.1530609755;8685716.593334597;
20-Jul-2021;3797288.201769543;125515.6155234768;546886.5001716395;4889034.58417791;8686322.785947453;3797288.201769543;125515.6155234768;546886.5001716395;4889034.58417791;8686322.785947453;
20-Jul-2021;3797636.3757205745;125525.96315409642;546929.2825927042;4889291.57602376;8686927.951744335;3797636.3757205745;125525.96315409642;546929.2825927042;4889291.57602376;8686927.951744335;
21-Jul-2021;3797983.963066957;125536.29340012609;546971.9929338013;4889548.129320879;8687532.092387835;3797983.963066957;125536.29340012609;546971.9929338013;4889548.129320879;8687532.092387835;
21-Jul-2021;3798330.9647475984;125546.60628922164;547014.6313103006;4889804.244790521;8688135.209538119;3798330.9647475984;125546.60628922164;547014.6313103006;4889804.244790521;8688135.209538119;
21-Jul-2021;3798677.3817000748;125556.90184900029;547057.1978374083;4890059.9231528565;8688737.30485293;3798677.3817000748;125556.90184900029;547057.1978374083;4890059.9231528565;8688737.30485293;
21-Jul-2021;3799023.2148606325;125567.18010704067;547099.6926301671;4890315.165126959;8689338.379987592;3799023.2148606325;125567.18010704067;547099.6926301671;4890315.165126959;8689338.379987592;
21-Jul-2021;3799368.4651641883;125577.44109088283;547142.1158034564;4890569.971430821;8689938.43659501;3799368.4651641883;125577.44109088283;547142.1158034564;4890569.971430821;8689938.43659501;
21-Jul-2021;3799713.1335443314;125587.68482802833;547184.4674719924;4890824.342781341;8690537.47632567;3799713.1335443314;125587.68482802833;547184.4674719924;4890824.342781341;8690537.47632567;
22-Jul-2021;3800057.2209333247;125597.91134594024;547226.7477503284;4891078.279894329;8691135.500827653;3800057.2209333247;125597.91134594024;547226.7477503284;4891078.279894329;8691135.500827653;
22-Jul-2021;3800400.7282621055;125608.12067204317;547268.9567528547;4891331.783484518;8691732.511746623;3800400.7282621055;125608.12067204317;547268.9567528547;4891331.783484518;8691732.511746623;
22-Jul-2021;3800743.6564602875;125618.31283372329;547311.0945937992;4891584.854265553;8692328.51072584;3800743.6564602875;125618.31283372329;547311.0945937992;4891584.854265553;8692328.51072584;
22-Jul-2021;3801086.0064561614;125628.48785832844;547353.161387227;4891837.492949995;8692923.499406155;3801086.0064561614;125628.48785832844;547353.161387227;4891837.492949995;8692923.499406155;
22-Jul-2021;3801427.779176697;125638.6457731681;547395.1572470409;4892089.700249329;8693517.479426026;3801427.779176697;125638.6457731681;547395.1572470409;4892089.700249329;8693517.479426026;
22-Jul-2021;3801768.975547544;125648.7866055134;547437.0822869816;4892341.476873957;8694110.452421501;3801768.975547544;125648.7866055134;547437.0822869816;4892341.476873957;8694110.452421501;
23-Jul-2021;3802109.5964930337;125658.91038259726;547478.9366206278;4892592.823533202;8694702.420026235;3802109.5964930337;125658.91038259726;547478.9366206278;4892592.823533202;8694702.420026235;
23-Jul-2021;3802449.642936179;125669.01713161428;547520.7203613961;4892843.740935311;8695293.38387149;3802449.642936179;125669.01713161428;547520.7203613961;4892843.740935311;8695293.38387149;
23-Jul-2021;3802789.115798677;125679.10687972094;547562.4336225415;4893094.229787457;8695883.345586134;3802789.115798677;125679.10687972094;547562.4336225415;4893094.229787457;8695883.345586134;
23-Jul-2021;3803128.01600091;125689.1796540355;547604.0765171575;4893344.290795735;8696472.306796646;3803128.01600091;125689.1796540355;547604.0765171575;4893344.290795735;8696472.306796646;
23-Jul-2021;3803466.344461947;125699.2354816381;547645.649158176;4893593.924665171;8697060.269127117;3803466.344461947;125699.2354816381;547645.649158176;4893593.924665171;8697060.269127117;
23-Jul-2021;3803804.102099545;125709.27438957077;547687.151658368;4893843.132099714;8697647.234199261;3803804.102099545;125709.27438957077;547687.151658368;4893843.132099714;8697647.234199261;
24-Jul-2021;3804141.2898301487;125719.2964048375;547728.5841303429;4894091.91380225;8698233.203632398;3804141.2898301487;125719.2964048375;547728.5841303429;4894091.91380225;8698233.203632398;
24-Jul-2021;3804477.9085688945;125729.30155440424;547769.9466865497;4894340.270474587;8698818.179043481;3804477.9085688945;125729.30155440424;547769.9466865497;4894340.270474587;8698818.179043481;
24-Jul-2021;3804813.95922961;125739.28986519897;547811.2394392763;4894588.202817471;8699402.162047083;3804813.95922961;125739.28986519897;547811.2394392763;4894588.202817471;8699402.162047083;
24-Jul-2021;3805149.442724815;125749.26136411166;547852.4625006501;4894835.711530582;8699985.154255396;3805149.442724815;125749.26136411166;547852.4625006501;4894835.711530582;8699985.154255396;
24-Jul-2021;3805484.359965725;125759.21607799442;547893.615982638;4895082.797312531;8700567.157278255;3805484.359965725;125759.21607799442;547893.615982638;4895082.797312531;8700567.157278255;
24-Jul-2021;3805818.7118622493;125769.15403366146;547934.6999970466;4895329.460860867;8701148.172723116;3805818.7118622493;125769.15403366146;547934.6999970466;4895329.460860867;8701148.172723116;
25-Jul-2021;3806152.4993229955;125779.07525788911;547975.7146555225;4895575.702872077;8701728.202195073;3806152.4993229955;125779.07525788911;547975.7146555225;4895575.702872077;8701728.202195073;
25-Jul-2021;3806485.7232552688;125788.97977741592;548016.6600695521;4895821.524041585;8702307.247296855;3806485.7232552688;125788.97977741592;548016.6600695521;4895821.524041585;8702307.247296855;
25-Jul-2021;3806818.3845650735;125798.86761894266;548057.5363504624;4896066.925063755;8702885.309628827;3806818.3845650735;125798.86761894266;548057.5363504624;4896066.925063755;8702885.309628827;
25-Jul-2021;3807150.484157115;125808.73880913235;548098.3436094202;4896311.906631895;8703462.390789011;3807150.484157115;125808.73880913235;548098.3436094202;4896311.906631895;8703462.390789011;
25-Jul-2021;3807482.022934801;125818.59337461031;548139.0819574334;4896556.469438252;8704038.492373053;3807482.022934801;125818.59337461031;548139.0819574334;4896556.469438252;8704038.492373053;
25-Jul-2021;3807813.001800242;125828.43134196417;548179.75150535;4896800.6141740205;8704613.615974262;3807813.001800242;125828.43134196417;548179.75150535;4896800.6141740205;8704613.615974262;
26-Jul-2021;3808143.421654253;125838.25273774395;548220.3523638592;4897044.341529338;8705187.76318359;3808143.421654253;125838.25273774395;548220.3523638592;4897044.341529338;8705187.76318359;
26-Jul-2021;3808473.283396356;125848.05758846209;548260.8846434911;4897287.652193286;8705760.935589643;3808473.283396356;125848.05758846209;548260.8846434911;4897287.652193286;8705760.935589643;
26-Jul-2021;3808802.587924779;125857.84592059342;548301.3484546171;4897530.546853903;8706333.134778682;3808802.587924779;125857.84592059342;548301.3484546171;4897530.546853903;8706333.134778682;
26-Jul-2021;3809131.33613646;125867.61776057529;548341.7439074495;4897773.026198165;8706904.362334624;3809131.33613646;125867.61776057529;548341.7439074495;4897773.026198165;8706904.362334624;
26-Jul-2021;3809459.528927046;125877.37313480752;548382.0711120426;4898015.090912007;8707474.619839052;3809459.528927046;125877.37313480752;548382.0711120426;4898015.090912007;8707474.619839052;
26-Jul-2021;3809787.1671908954;125887.11206965252;548422.3301782921;4898256.741680308;8708043.908871204;3809787.1671908954;125887.11206965252;548422.3301782921;4898256.741680308;8708043.908871204;
27-Jul-2021;3810114.2518210793;125896.83459143524;548462.5212159354;4898497.97918691;8708612.23100799;3810114.2518210793;125896.83459143524;548462.5212159354;4898497.97918691;8708612.23100799;
27-Jul-2021;3810440.783709382;125906.54072644327;548502.6443345519;4898738.804114601;8709179.587823983;3810440.783709382;125906.54072644327;548502.6443345519;4898738.804114601;8709179.587823983;
27-Jul-2021;3810766.763746304;125916.23050092687;548542.6996435632;4898979.217145128;8709745.980891433;3810766.763746304;125916.23050092687;548542.6996435632;4898979.217145128;8709745.980891433;
27-Jul-2021;3811092.1928210612;125925.90394109896;548582.6872522333;4899219.218959196;8710311.411780257;3811092.1928210612;125925.90394109896;548582.6872522333;4899219.218959196;8710311.411780257;
27-Jul-2021;3811417.0718215886;125935.56107313522;548622.6072696684;4899458.810236461;8710875.882058052;3811417.0718215886;125935.56107313522;548622.6072696684;4899458.810236461;8710875.882058052;
27-Jul-2021;3811741.401634539;125945.20192317407;548662.4598048175;4899697.991655554;8711439.393290091;3811741.401634539;125945.20192317407;548662.4598048175;4899697.991655554;8711439.393290091;
28-Jul-2021;3812065.183145286;125954.82651731673;548702.2449664721;4899936.763894048;8712001.947039334;3812065.183145286;125954.82651731673;548702.2449664721;4899936.763894048;8712001.947039334;
28-Jul-2021;3812388.417237926;125964.43488162727;548741.9628632672;4900175.127628491;8712563.544866417;3812388.417237926;125964.43488162727;548741.9628632672;4900175.127628491;8712563.544866417;
28-Jul-2021;3812711.1047952767;125974.02704213263;548781.6136036802;4900413.083534392;8713124.18832967;3812711.1047952767;125974.02704213263;548781.6136036802;4900413.083534392;8713124.18832967;
28-Jul-2021;3813033.2466988815;125983.60302482266;548821.1972960321;4900650.632286221;8713683.878985101;3813033.2466988815;125983.60302482266;548821.1972960321;4900650.632286221;8713683.878985101;
28-Jul-2021;3813354.8438290088;125993.16285565014;548860.7140484874;4900887.774557417;8714242.618386425;3813354.8438290088;125993.16285565014;548860.7140484874;4900887.774557417;8714242.618386425;
28-Jul-2021;3813675.8970646546;126002.70656053085;548900.163969054;4901124.5110203875;8714800.408085043;3813675.8970646546;126002.70656053085;548900.163969054;4901124.5110203875;8714800.408085043;
29-Jul-2021;3813996.407283543;126012.23416534359;548939.5471655837;4901360.842346504;8715357.249630047;3813996.407283543;126012.23416534359;548939.5471655837;4901360.842346504;8715357.249630047;
29-Jul-2021;3814316.3753621276;126021.74569593019;548978.8637457722;4901596.769206113;8715913.14456824;3814316.3753621276;126021.74569593019;548978.8637457722;4901596.769206113;8715913.14456824;
29-Jul-2021;3814635.802175593;126031.24117809562;549018.113817159;4901832.29226853;8716468.094444122;3814635.802175593;126031.24117809562;549018.113817159;4901832.29226853;8716468.094444122;
29-Jul-2021;3814954.6885978566;126040.72063760791;549057.2974871282;4902067.41220204;8717022.100799898;3814954.6885978566;126040.72063760791;549057.2974871282;4902067.41220204;8717022.100799898;
29-Jul-2021;3815273.0355015686;126050.18410019833;549096.414862908;4902302.129673908;8717575.165175477;3815273.0355015686;126050.18410019833;549096.414862908;4902302.129673908;8717575.165175477;
29-Jul-2021;3815590.8437581146;126059.6315915613;549135.4660515713;4902536.445350371;8718127.289108485;3815590.8437581146;126059.6315915613;549135.4660515713;4902536.445350371;8718127.289108485;
30-Jul-2021;3815908.114237617;126069.06313735447;549174.4511600358;4902770.35989664;8718678.474134257;3815908.114237617;126069.06313735447;549174.4511600358;4902770.35989664;8718678.474134257;
30-Jul-2021;3816224.8478089347;126078.47876319881;549213.3702950638;4903003.873976909;8719228.721785845;3816224.8478089347;126078.47876319881;549213.3702950638;4903003.873976909;8719228.721785845;
30-Jul-2021;3816541.045339667;126087.87849467859;549252.223563263;4903236.988254345;8719778.033594012;3816541.045339667;126087.87849467859;549252.223563263;4903236.988254345;8719778.033594012;
30-Jul-2021;3816856.7076961515;126097.26235734139;549291.0110710859;4903469.703391101;8720326.41108725;3816856.7076961515;126097.26235734139;549291.0110710859;4903469.703391101;8720326.41108725;
30-Jul-2021;3817171.8357434697;126106.6303766982;549329.7329248309;4903702.020048304;8720873.855791776;3817171.8357434697;126106.6303766982;549329.7329248309;4903702.020048304;8720873.855791776;
30-Jul-2021;3817486.430345444;126115.98257822345;549368.3892306414;4903933.938886076;8721420.36923152;3817486.430345444;126115.98257822345;549368.3892306414;4903933.938886076;8721420.36923152;
31-Jul-2021;3817800.492364642;126125.31898735501;549406.9800945069;4904165.46056351;8721965.952928152;3817800.492364642;126125.31898735501;549406.9800945069;4904165.46056351;8721965.952928152;
31-Jul-2021;3818114.022662377;126134.63962949424;549445.5056222624;4904396.5857386915;8722510.608401068;3818114.022662377;126134.63962949424;549445.5056222624;4904396.5857386915;8722510.608401068;
31-Jul-2021;3818427.0220987084;126143.94453000603;549483.9659195893;4904627.315068692;8723054.3371674;3818427.0220987084;126143.94453000603;549483.9659195893;4904627.315068692;8723054.3371674;
31-Jul-2021;3818739.491532445;126153.23371421886;549522.3610920148;4904857.649209572;8723597.140742017;3818739.491532445;126153.23371421886;549522.3610920148;4904857.649209572;8723597.140742017;
31-Jul-2021;3819051.431821144;126162.5072074248;549560.6912449129;4905087.5888163755;8724139.020637522;3819051.431821144;126162.5072074248;549560.6912449129;4905087.5888163755;8724139.020637522;
31-Jul-2021;3819362.8438211144;126171.76503487956;549598.9564835037;4905317.134543146;8724679.978364259;3819362.8438211144;126171.76503487956;549598.9564835037;4905317.134543146;8724679.978364259;
01-Aug-2021;3819673.728387417;126181.00722180253;549637.1569128542;4905546.287042908;8725220.015430326;3819673.728387417;126181.00722180253;549637.1569128542;4905546.287042908;8725220.015430326;
01-Aug-2021;3819984.0863738656;126190.23379337683;549675.2926378781;4905775.046967692;8725759.133341556;3819984.0863738656;126190.23379337683;549675.2926378781;4905775.046967692;8725759.133341556;
01-Aug-2021;3820293.9186330303;126199.44477474931;549713.3637633363;4906003.41496851;8726297.333601542;3820293.9186330303;126199.44477474931;549713.3637633363;4906003.41496851;8726297.333601542;
01-Aug-2021;3820603.226016236;126208.64019103063;549751.3703938368;4906231.391695379;8726834.617711617;3820603.226016236;126208.64019103063;549751.3703938368;4906231.391695379;8726834.617711617;
01-Aug-2021;3820912.0093735657;126217.82006729527;549789.3126338347;4906458.977797312;8727370.987170879;3820912.0093735657;126217.82006729527;549789.3126338347;4906458.977797312;8727370.987170879;
01-Aug-2021;3821220.2695538616;126226.98442858158;549827.1905876328;4906686.173922313;8727906.443476174;3821220.2695538616;126226.98442858158;549827.1905876328;4906686.173922313;8727906.443476174;
02-Aug-2021;3821528.0074047255;126236.13329989181;549865.0043593816;4906912.980717394;8728440.98812212;3821528.0074047255;126236.13329989181;549865.0043593816;4906912.980717394;8728440.98812212;
02-Aug-2021;3821835.2237725216;126245.26670619212;549902.7540530794;4907139.398828562;8728974.622601084;3821835.2237725216;126245.26670619212;549902.7540530794;4907139.398828562;8728974.622601084;
02-Aug-2021;3822141.9195023756;126254.3846724127;549940.4397725725;4907365.428900831;8729507.348403206;3822141.9195023756;126254.3846724127;549940.4397725725;4907365.428900831;8729507.348403206;
02-Aug-2021;3822448.095438179;126263.48722344772;549978.0616215551;4907591.071578217;8730039.167016396;3822448.095438179;126263.48722344772;549978.0616215551;4907591.071578217;8730039.167016396;
02-Aug-2021;3822753.752422588;126272.57438415539;550015.6197035701;4907816.327503735;8730570.079926321;3822753.752422588;126272.57438415539;550015.6197035701;4907816.327503735;8730570.079926321;
02-Aug-2021;3823058.891297025;126281.64617935802;550053.1141220087;4908041.1973194145;8731100.08861644;3823058.891297025;126281.64617935802;550053.1141220087;4908041.1973194145;8731100.08861644;
03-Aug-2021;3823363.5129016824;126290.70263384204;550090.5449801106;4908265.681666287;8731629.19456797;3823363.5129016824;126290.70263384204;550090.5449801106;4908265.681666287;8731629.19456797;
03-Aug-2021;3823667.6180755203;126299.74377235805;550127.9123809645;4908489.781184393;8732157.399259914;3823667.6180755203;126299.74377235805;550127.9123809645;4908489.781184393;8732157.399259914;
03-Aug-2021;3823971.207656271;126308.76961962084;550165.216427508;4908713.496512786;8732684.704169055;3823971.207656271;126308.76961962084;550165.216427508;4908713.496512786;8732684.704169055;
03-Aug-2021;3824274.2824804382;126317.78020030944;550202.4572225279;4908936.828289526;8733211.110769963;3824274.2824804382;126317.78020030944;550202.4572225279;4908936.828289526;8733211.110769963;
03-Aug-2021;3824576.8433833;126326.77553906714;550239.6348686602;4909159.777151687;8733736.620534988;3824576.8433833;126326.77553906714;550239.6348686602;4909159.777151687;8733736.620534988;
03-Aug-2021;3824878.891198909;126335.75566050156;550276.7494683905;4909382.343735359;8734261.234934269;3824878.891198909;126335.75566050156;550276.7494683905;4909382.343735359;8734261.234934269;
04-Aug-2021;3825180.4267600933;126344.72058918465;550313.8011240538;4909604.528675644;8734784.955435736;3825180.4267600933;126344.72058918465;550313.8011240538;4909604.528675644;8734784.955435736;
04-Aug-2021;3825481.4508984596;126353.67034965276;550350.7899378351;4909826.332606659;8735307.78350512;3825481.4508984596;126353.67034965276;550350.7899378351;4909826.332606659;8735307.78350512;
04-Aug-2021;3825781.964444393;126362.60496640664;550387.7160117693;4910047.7561615445;8735829.720605938;3825781.964444393;126362.60496640664;550387.7160117693;4910047.7561615445;8735829.720605938;
04-Aug-2021;3826081.9682270586;126371.52446391151;550424.5794477414;4910268.799972454;8736350.768199515;3826081.9682270586;126371.52446391151;550424.5794477414;4910268.799972454;8736350.768199515;
04-Aug-2021;3826381.4630744043;126380.42886659711;550461.3803474867;4910489.464670561;8736870.927744964;3826381.4630744043;126380.42886659711;550461.3803474867;4910489.464670561;8736870.927744964;
04-Aug-2021;3826680.4498131596;126389.31819885767;550498.118812591;4910709.750886065;8737390.200699223;3826680.4498131596;126389.31819885767;550498.118812591;4910709.750886065;8737390.200699223;
05-Aug-2021;3826978.929268839;126398.19248505202;550534.7949444905;4910929.65924818;8737908.58851702;3826978.929268839;126398.19248505202;550534.7949444905;4910929.65924818;8737908.58851702;
05-Aug-2021;3827276.9022657415;126407.05174950357;550571.4088444725;4911149.190385153;8738426.092650892;3827276.9022657415;126407.05174950357;550571.4088444725;4911149.190385153;8738426.092650892;
05-Aug-2021;3827574.3696269547;126415.89601650042;550607.960613675;4911368.344924249;8738942.714551203;3827574.3696269547;126415.89601650042;550607.960613675;4911368.344924249;8738942.714551203;
05-Aug-2021;3827871.3321743533;126424.72531029533;550644.4503530872;4911587.123491764;8739458.455666117;3827871.3321743533;126424.72531029533;550644.4503530872;4911587.123491764;8739458.455666117;
05-Aug-2021;3828167.790728602;126433.53965510576;550680.8781635495;4911805.526713018;8739973.317441622;3828167.790728602;126433.53965510576;550680.8781635495;4911805.526713018;8739973.317441622;
05-Aug-2021;3828463.746109157;126442.33907511397;550717.2441457539;4912023.555212364;8740487.30132152;3828463.746109157;126442.33907511397;550717.2441457539;4912023.555212364;8740487.30132152;
06-Aug-2021;3828759.1991342655;126451.12359446696;550753.5484002439;4912241.209613179;8741000.408747446;3828759.1991342655;126451.12359446696;550753.5484002439;4912241.209613179;8741000.408747446;
06-Aug-2021;3829054.1506209695;126459.89323727663;550789.7910274146;4912458.490537877;8741512.641158847;3829054.1506209695;126459.89323727663;550789.7910274146;4912458.490537877;8741512.641158847;
06-Aug-2021;3829348.6013851054;126468.64802761968;550825.9721275134;4912675.398607901;8742023.999993006;3829348.6013851054;126468.64802761968;550825.9721275134;4912675.398607901;8742023.999993006;
06-Aug-2021;3829642.552241306;126477.38798953778;550862.0918006395;4912891.93444373;8742534.486685036;3829642.552241306;126477.38798953778;550862.0918006395;4912891.93444373;8742534.486685036;
06-Aug-2021;3829936.004003002;126486.1131470375;550898.1501467446;4913108.098664878;8743044.10266788;3829936.004003002;126486.1131470375;550898.1501467446;4913108.098664878;8743044.10266788;
06-Aug-2021;3830228.9574824222;126494.8235240904;550934.1472656324;4913323.891889892;8743552.849372314;3830228.9574824222;126494.8235240904;550934.1472656324;4913323.891889892;8743552.849372314;
07-Aug-2021;3830521.4134905976;126503.5191446331;550970.0832569597;4913539.314736363;8744060.72822696;3830521.4134905976;126503.5191446331;550970.0832569597;4913539.314736363;8744060.72822696;
07-Aug-2021;3830813.372837359;126512.20003256723;551005.9582202357;4913754.367820915;8744567.740658274;3830813.372837359;126512.20003256723;551005.9582202357;4913754.367820915;8744567.740658274;
07-Aug-2021;3831104.836331341;126520.86621175952;551041.7722548227;4913969.051759214;8745073.888090555;3831104.836331341;126520.86621175952;551041.7722548227;4913969.051759214;8745073.888090555;
07-Aug-2021;3831395.8047799827;126529.51770604186;551077.5254599359;4914183.367165972;8745579.171945954;3831395.8047799827;126529.51770604186;551077.5254599359;4914183.367165972;8745579.171945954;
07-Aug-2021;3831686.2789895283;126538.15453921129;551113.217934644;4914397.314654937;8746083.593644466;3831686.2789895283;126538.15453921129;551113.217934644;4914397.314654937;8746083.593644466;
07-Aug-2021;3831976.25976503;126546.77673503006;551148.849777869;4914610.894838904;8746587.154603934;3831976.25976503;126546.77673503006;551148.849777869;4914610.894838904;8746587.154603934;
08-Aug-2021;3832265.747910348;126555.38431722566;551184.4210883863;4914824.108329713;8747089.85624006;3832265.747910348;126555.38431722566;551184.4210883863;4914824.108329713;8747089.85624006;
08-Aug-2021;3832554.744228151;126563.97730949087;551219.9319648255;4915036.955738251;8747591.6999664;3832554.744228151;126563.97730949087;551219.9319648255;4915036.955738251;8747591.6999664;
08-Aug-2021;3832843.249519921;126572.5557354838;551255.3825056696;4915249.437674452;8748092.687194372;3832843.249519921;126572.5557354838;551255.3825056696;4915249.437674452;8748092.687194372;
08-Aug-2021;3833131.264585951;126581.11961882788;551290.7728092559;4915461.554747296;8748592.819333246;3833131.264585951;126581.11961882788;551290.7728092559;4915461.554747296;8748592.819333246;
08-Aug-2021;3833418.7902253475;126589.668983112;551326.1029737759;4915673.30756482;8749092.097790167;3833418.7902253475;126589.668983112;551326.1029737759;4915673.30756482;8749092.097790167;
08-Aug-2021;3833705.827236033;126598.20385189043;551361.3730972757;4915884.696734107;8749590.52397014;3833705.827236033;126598.20385189043;551361.3730972757;4915884.696734107;8749590.52397014;
09-Aug-2021;3833992.376414746;126606.72424868292;551396.5832776558;4916095.7228612965;8750088.099276043;3833992.376414746;126606.72424868292;551396.5832776558;4916095.7228612965;8750088.099276043;
09-Aug-2021;3834278.4385570427;126615.23019697474;551431.7336126711;4916306.386551578;8750584.82510862;3834278.4385570427;126615.23019697474;551431.7336126711;4916306.386551578;8750584.82510862;
09-Aug-2021;3834564.0144572984;126623.7217202167;551466.8241999322;4916516.688409198;8751080.702866497;3834564.0144572984;126623.7217202167;551466.8241999322;4916516.688409198;8751080.702866497;
09-Aug-2021;3834849.1049087094;126632.19884182519;551501.8551369038;4916726.629037459;8751575.733946169;3834849.1049087094;126632.19884182519;551501.8551369038;4916726.629037459;8751575.733946169;
09-Aug-2021;3835133.710703293;126640.66158518223;551536.8265209066;4916936.209038725;8752069.919742018;3835133.710703293;126640.66158518223;551536.8265209066;4916936.209038725;8752069.919742018;
09-Aug-2021;3835417.83263189;126649.10997363548;551571.7384491165;4917145.429014414;8752563.261646302;3835417.83263189;126649.10997363548;551571.7384491165;4917145.429014414;8752563.261646302;
10-Aug-2021;3835701.471484166;126657.54403049833;551606.5910185646;4917354.289565004;8753055.761049168;3835701.471484166;126657.54403049833;551606.5910185646;4917354.289565004;8753055.761049168;
10-Aug-2021;3835984.6280486123;126665.96377904988;551641.3843261383;4917562.79129004;8753547.419338653;3835984.6280486123;126665.96377904988;551641.3843261383;4917562.79129004;8753547.419338653;
10-Aug-2021;3836267.3031125464;126674.369242535;551676.1184685803;4917770.934788124;8754038.237900669;3836267.3031125464;126674.369242535;551676.1184685803;4917770.934788124;8754038.237900669;
10-Aug-2021;3836549.497462116;126682.76044416438;551710.7935424898;4917978.720656924;8754528.21811904;3836549.497462116;126682.76044416438;551710.7935424898;4917978.720656924;8754528.21811904;
10-Aug-2021;3836831.2118822974;126691.13740711454;551745.4096443219;4918186.149493176;8755017.361375472;3836831.2118822974;126691.13740711454;551745.4096443219;4918186.149493176;8755017.361375472;
10-Aug-2021;3837112.4471568987;126699.50015452791;551779.9668703882;4918393.221892676;8755505.669049574;3837112.4471568987;126699.50015452791;551779.9668703882;4918393.221892676;8755505.669049574;
11-Aug-2021;3837393.2040685597;126707.84870951282;551814.4653168571;4918599.9384502955;8755993.142518854;3837393.2040685597;126707.84870951282;551814.4653168571;4918599.9384502955;8755993.142518854;
11-Aug-2021;3837673.483398755;126716.18309514358;551848.9050797533;4918806.299759967;8756479.783158723;3837673.483398755;126716.18309514358;551848.9050797533;4918806.299759967;8756479.783158723;
11-Aug-2021;3837953.2859277944;126724.5033344605;551883.2862549585;4919012.306414698;8756965.592342492;3837953.2859277944;126724.5033344605;551883.2862549585;4919012.306414698;8756965.592342492;
11-Aug-2021;3838232.612434824;126732.8094504699;551917.6089382117;4919217.9590065675;8757450.571441391;3838232.612434824;126732.8094504699;551917.6089382117;4919217.9590065675;8757450.571441391;
11-Aug-2021;3838511.4636978274;126741.10146614417;551951.8732251087;4919423.2581267245;8757934.721824553;3838511.4636978274;126741.10146614417;551951.8732251087;4919423.2581267245;8757934.721824553;
11-Aug-2021;3838789.840493628;126749.37940442185;551986.079211103;4919628.204365395;8758418.044859022;3838789.840493628;126749.37940442185;551986.079211103;4919628.204365395;8758418.044859022;
12-Aug-2021;3839067.7435978893;126757.6432882076;552020.2269915055;4919832.798311876;8758900.541909767;3839067.7435978893;126757.6432882076;552020.2269915055;4919832.798311876;8758900.541909767;
12-Aug-2021;3839345.1737851175;126765.89314037228;552054.3166614848;4920037.040554546;8759382.214339662;3839345.1737851175;126765.89314037228;552054.3166614848;4920037.040554546;8759382.214339662;
12-Aug-2021;3839622.131828661;126774.12898375298;552088.3483160672;4920240.931680856;8759863.063509516;3839622.131828661;126774.12898375298;552088.3483160672;4920240.931680856;8759863.063509516;
12-Aug-2021;3839898.618500714;126782.350841153;552122.3220501376;4920444.472277339;8760343.090778053;3839898.618500714;126782.350841153;552122.3220501376;4920444.472277339;8760343.090778053;
12-Aug-2021;3840174.634572316;126790.55873534203;552156.2379584382;4920647.662929606;8760822.297501922;3840174.634572316;126790.55873534203;552156.2379584382;4920647.662929606;8760822.297501922;
12-Aug-2021;3840450.1808133535;126798.75268905601;552190.0961355704;4920850.504222352;8761300.685035706;3840450.1808133535;126798.75268905601;552190.0961355704;4920850.504222352;8761300.685035706;
13-Aug-2021;3840725.257992562;126806.9327249973;552223.8966759937;4921052.996739354;8761778.254731916;3840725.257992562;126806.9327249973;552223.8966759937;4921052.996739354;8761778.254731916;
13-Aug-2021;3840999.866877527;126815.09886583468;552257.6396740263;4921255.141063467;8762255.007940995;3840999.866877527;126815.09886583468;552257.6396740263;4921255.141063467;8762255.007940995;
13-Aug-2021;3841274.0082346853;126823.25113420334;552291.3252238454;4921456.937776639;8762730.946011323;3841274.0082346853;126823.25113420334;552291.3252238454;4921456.937776639;8762730.946011323;
13-Aug-2021;3841547.6828293265;126831.389552705;552324.9534194871;4921658.3874599;8763206.070289224;3841547.6828293265;126831.389552705;552324.9534194871;4921658.3874599;8763206.070289224;
13-Aug-2021;3841820.8914255938;126839.5141439079;552358.5243548467;4921859.490693367;8763680.382118963;3841820.8914255938;126839.5141439079;552358.5243548467;4921859.490693367;8763680.382118963;
13-Aug-2021;3842093.6347864857;126847.62493034682;552392.0381236789;4922060.24805625;8764153.882842736;3842093.6347864857;126847.62493034682;552392.0381236789;4922060.24805625;8764153.882842736;
14-Aug-2021;3842365.9136738577;126855.72193452317;552425.4948195978;4922260.660126843;8764626.573800702;3842365.9136738577;126855.72193452317;552425.4948195978;4922260.660126843;8764626.573800702;
14-Aug-2021;3842637.7288484233;126863.80517890498;552458.8945360774;4922460.727482531;8765098.456330955;3842637.7288484233;126863.80517890498;552458.8945360774;4922460.727482531;8765098.456330955;
14-Aug-2021;3842909.0810697554;126871.87468592696;552492.2373664513;4922660.450699799;8765569.531769555;3842909.0810697554;126871.87468592696;552492.2373664513;4922660.450699799;8765569.531769555;
14-Aug-2021;3843179.971096287;126879.93047799054;552525.5234039132;4922859.830354217;8766039.801450506;3843179.971096287;126879.93047799054;552525.5234039132;4922859.830354217;8766039.801450506;
14-Aug-2021;3843450.399685314;126887.9725774639;552558.752741517;4923058.867020455;8766509.26670577;3843450.399685314;126887.9725774639;552558.752741517;4923058.867020455;8766509.26670577;
14-Aug-2021;3843720.367592995;126896.00100668201;552591.925472177;4923257.561272277;8766977.928865273;3843720.367592995;126896.00100668201;552591.925472177;4923257.561272277;8766977.928865273;
15-Aug-2021;3843989.875574354;126904.01578794667;552625.0416886677;4923455.913682542;8767445.789256895;3843989.875574354;126904.01578794667;552625.0416886677;4923455.913682542;8767445.789256895;
15-Aug-2021;3844258.9243832803;126912.01694352656;552658.1014836245;4923653.9248232115;8767912.849206492;3844258.9243832803;126912.01694352656;552658.1014836245;4923653.9248232115;8767912.849206492;
15-Aug-2021;3844527.5147725306;126920.00449565724;552691.1049495438;4923851.595265347;8768379.110037878;3844527.5147725306;126920.00449565724;552691.1049495438;4923851.595265347;8768379.110037878;
15-Aug-2021;3844795.6474937308;126927.97846654122;552724.0521787826;4924048.925579104;8768844.573072836;3844795.6474937308;126927.97846654122;552724.0521787826;4924048.925579104;8768844.573072836;
15-Aug-2021;3845063.3232973767;126935.938878348;552756.9432635594;4924245.916333751;8769309.239631128;3845063.3232973767;126935.938878348;552756.9432635594;4924245.916333751;8769309.239631128;
15-Aug-2021;3845330.5429328354;126943.88575321408;552789.7782959536;4924442.568097648;8769773.111030484;3845330.5429328354;126943.88575321408;552789.7782959536;4924442.568097648;8769773.111030484;
16-Aug-2021;3845597.307148347;126951.81911324304;552822.5573679066;4924638.8814382665;8770236.188586613;3845597.307148347;126951.81911324304;552822.5573679066;4924638.8814382665;8770236.188586613;
16-Aug-2021;3845863.6166910254;126959.73898050551;552855.280571221;4924834.856922181;8770698.473613206;3845863.6166910254;126959.73898050551;552855.280571221;4924834.856922181;8770698.473613206;
16-Aug-2021;3846129.4723068597;126967.6453770393;552887.9479975617;4925030.495115077;8771159.967421936;3846129.4723068597;126967.6453770393;552887.9479975617;4925030.495115077;8771159.967421936;
16-Aug-2021;3846394.874740716;126975.53832484935;552920.559738455;4925225.796581743;8771620.67132246;3846394.874740716;126975.53832484935;552920.559738455;4925225.796581743;8771620.67132246;
16-Aug-2021;3846659.824736339;126983.41784590781;552953.1158852897;4925420.76188608;8772080.586622419;3846659.824736339;126983.41784590781;552953.1158852897;4925420.76188608;8772080.586622419;
16-Aug-2021;3846924.3230363517;126991.2839621541;552985.616529317;4925615.391591099;8772539.71462745;3846924.3230363517;126991.2839621541;552985.616529317;4925615.391591099;8772539.71462745;
17-Aug-2021;3847188.3703822587;126999.13669549492;553018.0617616503;4925809.68625892;8772998.056641178;3847188.3703822587;126999.13669549492;553018.0617616503;4925809.68625892;8772998.056641178;
17-Aug-2021;3847451.9675144465;127006.97606780427;553050.4516732657;4926003.646450781;8773455.613965228;3847451.9675144465;127006.97606780427;553050.4516732657;4926003.646450781;8773455.613965228;
17-Aug-2021;3847715.115172185;127014.8021009235;553082.7863550022;4926197.27272703;8773912.387899214;3847715.115172185;127014.8021009235;553082.7863550022;4926197.27272703;8773912.387899214;
17-Aug-2021;3847977.8140936284;127022.61481666136;553115.0658975617;4926390.565647131;8774368.37974076;3847977.8140936284;127022.61481666136;553115.0658975617;4926390.565647131;8774368.37974076;
17-Aug-2021;3848240.065015818;127030.41423679405;553147.2903915093;4926583.525769669;8774823.590785485;3848240.065015818;127030.41423679405;553147.2903915093;4926583.525769669;8774823.590785485;
17-Aug-2021;3848501.8686746815;127038.20038306524;553179.4599272732;4926776.153652339;8775278.02232702;3848501.8686746815;127038.20038306524;553179.4599272732;4926776.153652339;8775278.02232702;
18-Aug-2021;3848763.2258050363;127045.97327718609;553211.5745951453;4926968.449851959;8775731.675656997;3848763.2258050363;127045.97327718609;553211.5745951453;4926968.449851959;8775731.675656997;
18-Aug-2021;3849024.137140589;127053.73294083531;553243.634485281;4927160.414924472;8776184.552065061;3849024.137140589;127053.73294083531;553243.634485281;4927160.414924472;8776184.552065061;
18-Aug-2021;3849284.6034139376;127061.4793956592;553275.6396876993;4927352.049424934;8776636.652838873;3849284.6034139376;127061.4793956592;553275.6396876993;4927352.049424934;8776636.652838873;
18-Aug-2021;3849544.625356574;127069.21266327168;553307.5902922835;4927543.353907528;8777087.979264101;3849544.625356574;127069.21266327168;553307.5902922835;4927543.353907528;8777087.979264101;
18-Aug-2021;3849804.2036988833;127076.93276525433;553339.4863887808;4927734.328925559;8777538.532624442;3849804.2036988833;127076.93276525433;553339.4863887808;4927734.328925559;8777538.532624442;
18-Aug-2021;3850063.339170146;127084.6397231564;553371.3280668026;4927924.97503146;8777988.314201605;3850063.339170146;127084.6397231564;553371.3280668026;4927924.97503146;8777988.314201605;
19-Aug-2021;3850322.0324985394;127092.33355849494;553403.115415825;4928115.292776787;8778437.325275326;3850322.0324985394;127092.33355849494;553403.115415825;4928115.292776787;8778437.325275326;
19-Aug-2021;3850580.28441114;127100.0142927547;553434.8485251886;4928305.282712224;8778885.567123363;3850580.28441114;127100.0142927547;553434.8485251886;4928305.282712224;8778885.567123363;
19-Aug-2021;3850838.0956339217;127107.68194738828;553466.5274840986;4928494.945387585;8779333.041021507;3850838.0956339217;127107.68194738828;553466.5274840986;4928494.945387585;8779333.041021507;
19-Aug-2021;3851095.4668917605;127115.33654381611;553498.1523816251;4928684.281351815;8779779.748243574;3851095.4668917605;127115.33654381611;553498.1523816251;4928684.281351815;8779779.748243574;
19-Aug-2021;3851352.3989084344;127122.97810342652;553529.7233067037;4928873.291152984;8780225.690061418;3851352.3989084344;127122.97810342652;553529.7233067037;4928873.291152984;8780225.690061418;
19-Aug-2021;3851608.8924066243;127130.60664757574;553561.2403481349;4929061.975338302;8780670.867744925;3851608.8924066243;127130.60664757574;553561.2403481349;4929061.975338302;8780670.867744925;
20-Aug-2021;3851864.9481079164;127138.222197588;553592.7035945846;4929250.334454103;8781115.282562021;3851864.9481079164;127138.222197588;553592.7035945846;4929250.334454103;8781115.282562021;
20-Aug-2021;3852120.566732803;127145.82477475549;553624.1131345845;4929438.369045868;8781558.93577867;3852120.566732803;127145.82477475549;553624.1131345845;4929438.369045868;8781558.93577867;
20-Aug-2021;3852375.7490006825;127153.41440033846;553655.4690565319;4929626.079658202;8782001.828658884;3852375.7490006825;127153.41440033846;553655.4690565319;4929626.079658202;8782001.828658884;
20-Aug-2021;3852630.495629864;127160.99109556522;553686.7714486901;4929813.466834851;8782443.962464714;3852630.495629864;127160.99109556522;553686.7714486901;4929813.466834851;8782443.962464714;
20-Aug-2021;3852884.8073375653;127168.55488163218;553718.0203991883;4930000.531118702;8782885.338456267;3852884.8073375653;127168.55488163218;553718.0203991883;4930000.531118702;8782885.338456267;
20-Aug-2021;3853138.6848399164;127176.10577970394;553749.2159960221;4930187.273051778;8783325.957891693;3853138.6848399164;127176.10577970394;553749.2159960221;4930187.273051778;8783325.957891693;
21-Aug-2021;3853392.128851959;127183.64381091324;553780.3583270535;4930373.693175243;8783765.822027203;3853392.128851959;127183.64381091324;553780.3583270535;4930373.693175243;8783765.822027203;
21-Aug-2021;3853645.1400876497;127191.16899636107;553811.4474800109;4930559.792029404;8784204.932117052;3853645.1400876497;127191.16899636107;553811.4474800109;4930559.792029404;8784204.932117052;
21-Aug-2021;3853897.7192598605;127198.68135711669;553842.4835424896;4930745.5701537095;8784643.289413571;3853897.7192598605;127198.68135711669;553842.4835424896;4930745.5701537095;8784643.289413571;
21-Aug-2021;3854149.8670803793;127206.18091421762;553873.4666019517;4930931.028086752;8785080.895167131;3854149.8670803793;127206.18091421762;553873.4666019517;4930931.028086752;8785080.895167131;
21-Aug-2021;3854401.584259913;127213.66768866977;553904.3967457265;4931116.166366271;8785517.750626182;3854401.584259913;127213.66768866977;553904.3967457265;4931116.166366271;8785517.750626182;
21-Aug-2021;3854652.8715080866;127221.14170144737;553935.2740610101;4931300.98552915;8785953.857037235;3854652.8715080866;127221.14170144737;553935.2740610101;4931300.98552915;8785953.857037235;
22-Aug-2021;3854903.729533447;127228.60297349312;553966.0986348664;4931485.48611142;8786389.215644868;3854903.729533447;127228.60297349312;553966.0986348664;4931485.48611142;8786389.215644868;
22-Aug-2021;3855154.159043463;127236.05152571813;553996.8705542268;4931669.668648263;8786823.827691726;3855154.159043463;127236.05152571813;553996.8705542268;4931669.668648263;8786823.827691726;
22-Aug-2021;3855404.1607445255;127243.48737900199;554027.5899058902;4931853.533674011;8787257.694418536;3855404.1607445255;127243.48737900199;554027.5899058902;4931853.533674011;8787257.694418536;
22-Aug-2021;3855653.7353419513;127250.91055419286;554058.2567765233;4932037.081722144;8787690.817064095;3855653.7353419513;127250.91055419286;554058.2567765233;4932037.081722144;8787690.817064095;
22-Aug-2021;3855902.8835399826;127258.32107210741;554088.8712526612;4932220.313325297;8788123.19686528;3855902.8835399826;127258.32107210741;554088.8712526612;4932220.313325297;8788123.19686528;
22-Aug-2021;3856151.6060417895;127265.71895353096;554119.4334207069;4932403.229015257;8788554.835057046;3856151.6060417895;127265.71895353096;554119.4334207069;4932403.229015257;8788554.835057046;
23-Aug-2021;3856399.9035494695;127273.10421921742;554149.9433669318;4932585.829322966;8788985.732872438;3856399.9035494695;127273.10421921742;554149.9433669318;4932585.829322966;8788985.732872438;
23-Aug-2021;3856647.7767640515;127280.47688988943;554180.4011774758;4932768.114778523;8789415.891542576;3856647.7767640515;127280.47688988943;554180.4011774758;4932768.114778523;8789415.891542576;
23-Aug-2021;3856895.226385494;127287.83698623828;554210.8069383476;4932950.085911184;8789845.31229668;3856895.226385494;127287.83698623828;554210.8069383476;4932950.085911184;8789845.31229668;
23-Aug-2021;3857142.25311269;127295.18452892406;554241.1607354246;4933131.74324936;8790273.996362051;3857142.25311269;127295.18452892406;554241.1607354246;4933131.74324936;8790273.996362051;
23-Aug-2021;3857388.8576434646;127302.51953857562;554271.4626544532;4933313.087320623;8790701.944964087;3857388.8576434646;127302.51953857562;554271.4626544532;4933313.087320623;8790701.944964087;
23-Aug-2021;3857635.040674579;127309.84203579067;554301.7127810492;4933494.118651708;8791129.159326287;3857635.040674579;127309.84203579067;554301.7127810492;4933494.118651708;8791129.159326287;
24-Aug-2021;3857880.802901731;127317.15204113573;554331.9112006973;4933674.837768507;8791555.640670238;3857880.802901731;127317.15204113573;554331.9112006973;4933674.837768507;8791555.640670238;
24-Aug-2021;3858126.1450195555;127324.44957514627;554362.0579987521;4933855.245196081;8791981.390215637;3858126.1450195555;127324.44957514627;554362.0579987521;4933855.245196081;8791981.390215637;
24-Aug-2021;3858371.0677216277;127331.73465832666;554392.1532604375;4934035.341458649;8792406.409180276;3858371.0677216277;127331.73465832666;554392.1532604375;4934035.341458649;8792406.409180276;
24-Aug-2021;3858615.5717004626;127339.00731115029;554422.1970708475;4934215.127079598;8792830.69878006;3858615.5717004626;127339.00731115029;554422.1970708475;4934215.127079598;8792830.69878006;
24-Aug-2021;3858859.657647517;127346.26755405951;554452.189514946;4934394.602581482;8793254.260228997;3858859.657647517;127346.26755405951;554452.189514946;4934394.602581482;8793254.260228997;
24-Aug-2021;3859103.3262531906;127353.51540746576;554482.1306775667;4934573.768486018;8793677.09473921;3859103.3262531906;127353.51540746576;554482.1306775667;4934573.768486018;8793677.09473921;
25-Aug-2021;3859346.5782068283;127360.75089174956;554512.0206434142;4934752.6253141;8794099.203520928;3859346.5782068283;127360.75089174956;554512.0206434142;4934752.6253141;8794099.203520928;
25-Aug-2021;3859589.4141967203;127367.97402726054;554541.8594970632;4934931.173585781;8794520.5877825;3859589.4141967203;127367.97402726054;554541.8594970632;4934931.173585781;8794520.5877825;
25-Aug-2021;3859831.8349101036;127375.18483431751;554571.6473229589;4935109.413820292;8794941.248730397;3859831.8349101036;127375.18483431751;554571.6473229589;4935109.413820292;8794941.248730397;
25-Aug-2021;3860073.841033164;127382.38333320846;554601.3842054176;4935287.346536038;8795361.187569203;3860073.841033164;127382.38333320846;554601.3842054176;4935287.346536038;8795361.187569203;
25-Aug-2021;3860315.4332510363;127389.56954419064;554631.0702286263;4935464.972250594;8795780.405501628;3860315.4332510363;127389.56954419064;554631.0702286263;4935464.972250594;8795780.405501628;
25-Aug-2021;3860556.6122478074;127396.74348749056;554660.705476643;4935642.291480705;8796198.903728513;3860556.6122478074;127396.74348749056;554660.705476643;4935642.291480705;8796198.903728513;
26-Aug-2021;3860797.3787065158;127403.90518330406;554690.2900333975;4935819.304742302;8796616.683448818;3860797.3787065158;127403.90518330406;554690.2900333975;4935819.304742302;8796616.683448818;
26-Aug-2021;3861037.733309154;127411.05465179631;554719.8239826905;4935996.012550482;8797033.745859636;3861037.733309154;127411.05465179631;554719.8239826905;4935996.012550482;8797033.745859636;
26-Aug-2021;3861277.6767366687;127418.19191310187;554749.3074081944;4936172.4154195255;8797450.092156194;3861277.6767366687;127418.19191310187;554749.3074081944;4936172.4154195255;8797450.092156194;
26-Aug-2021;3861517.2096689637;127425.31698732474;554778.7403934535;4936348.513862893;8797865.723531859;3861517.2096689637;127425.31698732474;554778.7403934535;4936348.513862893;8797865.723531859;
26-Aug-2021;3861756.3327849;127432.42989453836;554808.1230218839;4936524.308393223;8798280.641178124;3861756.3327849;127432.42989453836;554808.1230218839;4936524.308393223;8798280.641178124;
26-Aug-2021;3861995.046762298;127439.53065478569;554837.4553767737;4936699.799522336;8798694.846284634;3861995.046762298;127439.53065478569;554837.4553767737;4936699.799522336;8798694.846284634;
27-Aug-2021;3862233.352277937;127446.61928807921;554866.7375412835;4936874.987761233;8799108.340039168;3862233.352277937;127446.61928807921;554866.7375412835;4936874.987761233;8799108.340039168;
27-Aug-2021;3862471.2500075586;127453.69581440098;554895.9695984459;4937049.8736201;8799521.12362766;3862471.2500075586;127453.69581440098;554895.9695984459;4937049.8736201;8799521.12362766;
27-Aug-2021;3862708.7406258676;127460.76025370268;554925.1516311663;4937224.457608311;8799933.19823418;3862708.7406258676;127460.76025370268;554925.1516311663;4937224.457608311;8799933.19823418;
27-Aug-2021;3862945.8248065324;127467.81262590563;554954.2837222229;4937398.7402344225;8800344.565040955;3862945.8248065324;127467.81262590563;554954.2837222229;4937398.7402344225;8800344.565040955;
27-Aug-2021;3863182.503222187;127474.85295090082;554983.3659542665;4937572.722006179;8800755.225228366;3863182.503222187;127474.85295090082;554983.3659542665;4937572.722006179;8800755.225228366;
27-Aug-2021;3863418.776544432;127481.88124854899;555012.3984098212;4937746.40343051;8801165.179974942;3863418.776544432;127481.88124854899;555012.3984098212;4937746.40343051;8801165.179974942;
28-Aug-2021;3863654.645443836;127488.89753868063;555041.3811712841;4937919.785013541;8801574.430457376;3863654.645443836;127488.89753868063;555041.3811712841;4937919.785013541;8801574.430457376;
28-Aug-2021;3863890.110589937;127495.90184109603;555070.3143209259;4938092.867260583;8801982.977850521;3863890.110589937;127495.90184109603;555070.3143209259;4938092.867260583;8801982.977850521;
28-Aug-2021;3864125.1726512434;127502.89417556529;555099.1979408903;4938265.65067614;8802390.823327383;3864125.1726512434;127502.89417556529;555099.1979408903;4938265.65067614;8802390.823327383;
28-Aug-2021;3864359.8322952357;127509.87456182843;555128.0321131954;4938438.135763909;8802797.968059143;3864359.8322952357;127509.87456182843;555128.0321131954;4938438.135763909;8802797.968059143;
28-Aug-2021;3864594.090188368;127516.84301959533;555156.8169197325;4938610.323026778;8803204.413215147;3864594.090188368;127516.84301959533;555156.8169197325;4938610.323026778;8803204.413215147;
28-Aug-2021;3864827.946996069;127523.79956854584;555185.5524422673;4938782.212966837;8803610.159962906;3864827.946996069;127523.79956854584;555185.5524422673;4938782.212966837;8803610.159962906;
29-Aug-2021;3865061.4033827423;127530.7442283298;555214.2387624395;4938953.806085365;8804015.209468108;3865061.4033827423;127530.7442283298;555214.2387624395;4938953.806085365;8804015.209468108;
29-Aug-2021;3865294.460011769;127537.67701856706;555242.875961763;4939125.102882844;8804419.562894613;3865294.460011769;127537.67701856706;555242.875961763;4939125.102882844;8804419.562894613;
29-Aug-2021;3865527.1175455097;127544.59795884752;555271.4641216263;4939296.1038589515;8804823.221404461;3865527.1175455097;127544.59795884752;555271.4641216263;4939296.1038589515;8804823.221404461;
29-Aug-2021;3865759.3766453033;127551.50706873118;555300.0033232927;4939466.809512563;8805226.186157867;3865759.3766453033;127551.50706873118;555300.0033232927;4939466.809512563;8805226.186157867;
29-Aug-2021;3865991.2379714707;127558.40436774818;555328.4936479001;4939637.220341757;8805628.458313229;3865991.2379714707;127558.40436774818;555328.4936479001;4939637.220341757;8805628.458313229;
29-Aug-2021;3866222.702183315;127565.28987539883;555356.9351764612;4939807.336843816;8806030.03902713;3866222.702183315;127565.28987539883;555356.9351764612;4939807.336843816;8806030.03902713;
30-Aug-2021;3866453.7699391227;127572.16361115362;555385.3279898643;4939977.15951522;8806430.929454342;3866453.7699391227;127572.16361115362;555385.3279898643;4939977.15951522;8806430.929454342;
30-Aug-2021;3866684.4418961653;127579.02559445333;555413.6721688724;4940146.688851658;8806831.130747823;3866684.4418961653;127579.02559445333;555413.6721688724;4940146.688851658;8806831.130747823;
30-Aug-2021;3866914.7187107;127585.87584470896;555441.9677941244;4940315.925348022;8807230.644058723;3866914.7187107;127585.87584470896;555441.9677941244;4940315.925348022;8807230.644058723;
30-Aug-2021;3867144.601037973;127592.71438130189;555470.2149461344;4940484.869498411;8807629.470536383;3867144.601037973;127592.71438130189;555470.2149461344;4940484.869498411;8807629.470536383;
30-Aug-2021;3867374.089532218;127599.54122358382;555498.4137052925;4940653.5217961315;8808027.61132835;3867374.089532218;127599.54122358382;555498.4137052925;4940653.5217961315;8808027.61132835;
30-Aug-2021;3867603.184846659;127606.35639087681;555526.5641518647;4940821.882733698;8808425.067580357;3867603.184846659;127606.35639087681;555526.5641518647;4940821.882733698;8808425.067580357;
31-Aug-2021;3867831.8876335127;127613.15990247342;555554.6663659931;4940989.952802836;8808821.840436347;3867831.8876335127;127613.15990247342;555554.6663659931;4940989.952802836;8808821.840436347;
